time,open,high,low,close,volume,was_filled,is_price_outlier,is_volume_outlier,segment_id,is_gap_reopen,vol_regime,vol_high,vol_low,trend_regime,ts
2022-10-27 18:00:00+00:00,0.99718,0.99738,0.99577,0.9963,3158.0,False,False,False,101,False,vol_high,True,False,trend_down,2022-10-27 18:00:00+00:00
2022-10-27 19:00:00+00:00,0.99628,0.99726,0.99592,0.99708,3745.0,False,False,False,101,False,vol_high,True,False,trend_down,2022-10-27 19:00:00+00:00
2022-10-27 20:00:00+00:00,0.99712,0.99724,0.99603,0.99648,4063.0,False,False,False,101,False,vol_high,True,False,trend_down,2022-10-27 20:00:00+00:00
2022-10-27 21:00:00+00:00,0.99655,0.99678,0.99622,0.99672,448.0,False,False,False,101,False,vol_high,True,False,trend_down,2022-10-27 21:00:00+00:00
2022-10-27 22:00:00+00:00,0.9967,0.99722,0.99648,0.99716,2033.0,False,False,False,101,False,vol_high,True,False,trend_down,2022-10-27 22:00:00+00:00
2022-10-27 23:00:00+00:00,0.99716,0.99722,0.99666,0.99669,1688.0,False,False,False,101,False,vol_high,True,False,trend_down,2022-10-27 23:00:00+00:00
2022-10-28 00:00:00+00:00,0.99675,0.99692,0.99582,0.99668,4042.0,False,False,False,101,False,vol_high,True,False,trend_down,2022-10-28 00:00:00+00:00
2022-10-28 01:00:00+00:00,0.99669,0.99962,0.99642,0.99953,5089.0,False,False,False,101,False,vol_high,True,False,trend_down,2022-10-28 01:00:00+00:00
2022-10-28 02:00:00+00:00,0.99951,0.99982,0.99813,0.99886,4817.0,False,False,False,101,False,vol_high,True,False,trend_down,2022-10-28 02:00:00+00:00
2022-10-28 03:00:00+00:00,0.99888,0.99928,0.998,0.99924,3772.0,False,False,False,101,False,vol_high,True,False,trend_down,2022-10-28 03:00:00+00:00
2022-10-28 04:00:00+00:00,0.99922,0.99928,0.99818,0.9985,3110.0,False,False,False,101,False,vol_high,True,False,trend_down,2022-10-28 04:00:00+00:00
2022-10-28 05:00:00+00:00,0.9985,0.99914,0.99731,0.9974,4199.0,False,False,False,101,False,vol_high,True,False,trend_down,2022-10-28 05:00:00+00:00
2022-10-28 06:00:00+00:00,0.99735,0.99811,0.99632,0.99682,7389.0,False,False,False,101,False,vol_high,True,False,trend_down,2022-10-28 06:00:00+00:00
2022-10-28 07:00:00+00:00,0.99656,0.9977,0.99377,0.99458,9199.0,False,False,False,101,False,vol_high,True,False,trend_down,2022-10-28 07:00:00+00:00
2022-10-28 08:00:00+00:00,0.99463,0.9953,0.99265,0.99412,7640.0,False,False,False,101,False,vol_high,True,False,trend_down,2022-10-28 08:00:00+00:00
2022-10-28 09:00:00+00:00,0.99438,0.99648,0.99438,0.99536,6671.0,False,False,False,101,False,vol_high,True,False,trend_down,2022-10-28 09:00:00+00:00
2022-10-28 10:00:00+00:00,0.99536,0.9957,0.99355,0.99475,4253.0,False,False,False,101,False,vol_high,True,False,trend_down,2022-10-28 10:00:00+00:00
2022-10-28 11:00:00+00:00,0.99474,0.99758,0.9939,0.99539,6196.0,False,False,False,101,False,vol_high,True,False,trend_down,2022-10-28 11:00:00+00:00
2022-10-28 12:00:00+00:00,0.99538,0.99732,0.99368,0.99692,13049.0,False,False,False,101,False,vol_high,True,False,trend_down,2022-10-28 12:00:00+00:00
2022-10-28 13:00:00+00:00,0.99694,0.999,0.9966,0.99694,12194.0,False,False,False,101,False,vol_high,True,False,trend_down,2022-10-28 13:00:00+00:00
2022-10-28 14:00:00+00:00,0.99696,0.99826,0.99392,0.9951,11831.0,False,False,False,101,False,vol_high,True,False,trend_down,2022-10-28 14:00:00+00:00
2022-10-28 15:00:00+00:00,0.9951,0.99531,0.99306,0.99337,6965.0,False,False,False,101,False,vol_high,True,False,trend_down,2022-10-28 15:00:00+00:00
2022-10-28 16:00:00+00:00,0.99338,0.99392,0.99288,0.99388,4002.0,False,False,False,101,False,vol_high,True,False,trend_down,2022-10-28 16:00:00+00:00
2022-10-28 17:00:00+00:00,0.99392,0.99494,0.99342,0.99384,2531.0,False,False,False,101,False,vol_high,True,False,trend_down,2022-10-28 17:00:00+00:00
2022-10-28 18:00:00+00:00,0.99384,0.99573,0.99378,0.99558,2884.0,False,False,False,101,False,vol_high,True,False,trend_down,2022-10-28 18:00:00+00:00
2022-10-28 19:00:00+00:00,0.9956,0.99662,0.99526,0.99662,3145.0,False,False,False,101,False,vol_high,True,False,trend_down,2022-10-28 19:00:00+00:00
2022-10-28 20:00:00+00:00,0.9966,0.99676,0.99599,0.9966,1669.0,False,False,False,101,False,vol_high,True,False,trend_down,2022-10-28 20:00:00+00:00
2022-10-30 22:00:00+00:00,0.99606,0.99606,0.9944,0.99575,4321.0,False,False,False,102,True,vol_high,True,False,trend_down,2022-10-30 22:00:00+00:00
2022-10-30 23:00:00+00:00,0.99575,0.99622,0.99538,0.99545,2640.0,False,False,False,102,False,vol_high,True,False,trend_down,2022-10-30 23:00:00+00:00
2022-10-31 00:00:00+00:00,0.99548,0.99648,0.99533,0.99592,3387.0,False,False,False,102,False,vol_high,True,False,trend_down,2022-10-31 00:00:00+00:00
2022-10-31 01:00:00+00:00,0.99592,0.99636,0.99433,0.99485,3721.0,False,False,False,102,False,vol_high,True,False,trend_down,2022-10-31 01:00:00+00:00
2022-10-31 02:00:00+00:00,0.99483,0.99566,0.99459,0.99556,2294.0,False,False,False,102,False,vol_high,True,False,trend_down,2022-10-31 02:00:00+00:00
2022-10-31 03:00:00+00:00,0.99556,0.99658,0.99526,0.99649,2537.0,False,False,False,102,False,vol_high,True,False,trend_down,2022-10-31 03:00:00+00:00
2022-10-31 04:00:00+00:00,0.99645,0.99656,0.99588,0.99608,1645.0,False,False,False,102,False,vol_high,True,False,trend_down,2022-10-31 04:00:00+00:00
2022-10-31 05:00:00+00:00,0.99604,0.99618,0.99444,0.99482,2706.0,False,False,False,102,False,vol_high,True,False,trend_down,2022-10-31 05:00:00+00:00
2022-10-31 06:00:00+00:00,0.99481,0.99535,0.99382,0.99524,3435.0,False,False,False,102,False,vol_high,True,False,trend_down,2022-10-31 06:00:00+00:00
2022-10-31 07:00:00+00:00,0.99522,0.99549,0.99283,0.99296,4679.0,False,False,False,102,False,vol_high,True,False,trend_down,2022-10-31 07:00:00+00:00
2022-10-31 08:00:00+00:00,0.99296,0.99333,0.99144,0.99232,5598.0,False,False,False,102,False,vol_high,True,False,trend_down,2022-10-31 08:00:00+00:00
2022-10-31 09:00:00+00:00,0.99231,0.99492,0.99213,0.99466,4875.0,False,False,False,102,False,vol_high,True,False,trend_down,2022-10-31 09:00:00+00:00
2022-10-31 10:00:00+00:00,0.99466,0.99466,0.99274,0.99328,3931.0,False,False,False,102,False,vol_high,True,False,trend_down,2022-10-31 10:00:00+00:00
2022-10-31 11:00:00+00:00,0.99326,0.99393,0.99244,0.99366,4604.0,False,False,False,102,False,vol_high,True,False,trend_down,2022-10-31 11:00:00+00:00
2022-10-31 12:00:00+00:00,0.99367,0.99368,0.99074,0.99088,6178.0,False,False,False,102,False,vol_high,True,False,trend_down,2022-10-31 12:00:00+00:00
2022-10-31 13:00:00+00:00,0.9909,0.99158,0.98882,0.989,6751.0,False,False,False,102,False,vol_high,True,False,trend_down,2022-10-31 13:00:00+00:00
2022-10-31 14:00:00+00:00,0.98906,0.99083,0.98806,0.98898,6000.0,False,False,False,102,False,vol_high,True,False,trend_up,2022-10-31 14:00:00+00:00
2022-10-31 15:00:00+00:00,0.98898,0.98955,0.9873,0.98828,6116.0,False,False,False,102,False,vol_high,True,False,trend_up,2022-10-31 15:00:00+00:00
2022-10-31 16:00:00+00:00,0.98836,0.989,0.98754,0.98754,7132.0,False,False,False,102,False,vol_high,True,False,trend_up,2022-10-31 16:00:00+00:00
2022-10-31 17:00:00+00:00,0.98757,0.98872,0.98732,0.9887,3954.0,False,False,False,102,False,vol_high,True,False,trend_up,2022-10-31 17:00:00+00:00
2022-10-31 18:00:00+00:00,0.9887,0.98957,0.98816,0.98882,3412.0,False,False,False,102,False,vol_high,True,False,trend_up,2022-10-31 18:00:00+00:00
2022-10-31 19:00:00+00:00,0.98883,0.98883,0.98768,0.9883,3260.0,False,False,False,102,False,vol_high,True,False,trend_up,2022-10-31 19:00:00+00:00
2022-10-31 20:00:00+00:00,0.9883,0.9884,0.98801,0.98828,1283.0,False,False,False,102,False,vol_high,True,False,trend_up,2022-10-31 20:00:00+00:00
2022-10-31 21:00:00+00:00,0.98812,0.98872,0.98812,0.9883,183.0,False,False,False,102,False,vol_high,True,False,trend_up,2022-10-31 21:00:00+00:00
2022-10-31 22:00:00+00:00,0.9883,0.98858,0.98808,0.98848,1351.0,False,False,False,102,False,vol_high,True,False,trend_up,2022-10-31 22:00:00+00:00
2022-10-31 23:00:00+00:00,0.9885,0.98878,0.98831,0.98859,1565.0,False,False,False,102,False,vol_high,True,False,trend_up,2022-10-31 23:00:00+00:00
2022-11-01 00:00:00+00:00,0.9886,0.98902,0.98824,0.98853,2944.0,False,False,False,102,False,vol_normal,False,False,trend_up,2022-11-01 00:00:00+00:00
2022-11-01 01:00:00+00:00,0.98852,0.99,0.98842,0.9895,5242.0,False,False,False,102,False,vol_high,True,False,trend_up,2022-11-01 01:00:00+00:00
2022-11-01 02:00:00+00:00,0.9895,0.99084,0.98928,0.99064,3845.0,False,False,False,102,False,vol_high,True,False,trend_up,2022-11-01 02:00:00+00:00
2022-11-01 03:00:00+00:00,0.99065,0.99078,0.98944,0.99035,4328.0,False,False,False,102,False,vol_high,True,False,trend_up,2022-11-01 03:00:00+00:00
2022-11-01 04:00:00+00:00,0.99038,0.9908,0.98996,0.99053,2849.0,False,False,False,102,False,vol_high,True,False,trend_up,2022-11-01 04:00:00+00:00
2022-11-01 05:00:00+00:00,0.99051,0.99281,0.99044,0.99248,3913.0,False,False,False,102,False,vol_high,True,False,trend_down,2022-11-01 05:00:00+00:00
2022-11-01 06:00:00+00:00,0.99251,0.99386,0.99218,0.99331,5434.0,False,False,False,102,False,vol_high,True,False,trend_down,2022-11-01 06:00:00+00:00
2022-11-01 07:00:00+00:00,0.99332,0.99335,0.99088,0.99304,7759.0,False,False,False,102,False,vol_high,True,False,trend_down,2022-11-01 07:00:00+00:00
2022-11-01 08:00:00+00:00,0.99303,0.9948,0.99212,0.99227,6146.0,False,False,False,102,False,vol_high,True,False,trend_down,2022-11-01 08:00:00+00:00
2022-11-01 09:00:00+00:00,0.99234,0.99354,0.99152,0.9934,4221.0,False,False,False,102,False,vol_high,True,False,trend_down,2022-11-01 09:00:00+00:00
2022-11-01 10:00:00+00:00,0.99338,0.99418,0.99234,0.99366,5535.0,False,False,False,102,False,vol_normal,False,False,trend_down,2022-11-01 10:00:00+00:00
2022-11-01 11:00:00+00:00,0.99365,0.99424,0.9926,0.99345,4343.0,False,False,False,102,False,vol_normal,False,False,trend_down,2022-11-01 11:00:00+00:00
2022-11-01 12:00:00+00:00,0.99346,0.9948,0.99344,0.9941,6321.0,False,False,False,102,False,vol_normal,False,False,trend_down,2022-11-01 12:00:00+00:00
2022-11-01 13:00:00+00:00,0.99414,0.9954,0.99297,0.99366,7553.0,False,False,False,102,False,vol_normal,False,False,trend_down,2022-11-01 13:00:00+00:00
2022-11-01 14:00:00+00:00,0.99369,0.99378,0.98588,0.98692,14171.0,False,True,False,102,False,vol_high,True,False,trend_up,2022-11-01 14:00:00+00:00
2022-11-01 15:00:00+00:00,0.9869,0.98856,0.9861,0.98704,8465.0,False,False,False,102,False,vol_high,True,False,trend_up,2022-11-01 15:00:00+00:00
2022-11-01 16:00:00+00:00,0.98702,0.99099,0.9853,0.98614,9627.0,False,False,False,102,False,vol_high,True,False,trend_up,2022-11-01 16:00:00+00:00
2022-11-01 17:00:00+00:00,0.98614,0.98828,0.9858,0.98819,4142.0,False,False,False,102,False,vol_high,True,False,trend_up,2022-11-01 17:00:00+00:00
2022-11-01 18:00:00+00:00,0.98817,0.98862,0.98767,0.98828,3488.0,False,False,False,102,False,vol_high,True,False,trend_up,2022-11-01 18:00:00+00:00
2022-11-01 19:00:00+00:00,0.98822,0.9884,0.98738,0.98777,2839.0,False,False,False,102,False,vol_high,True,False,trend_up,2022-11-01 19:00:00+00:00
2022-11-01 20:00:00+00:00,0.98776,0.98798,0.9873,0.98742,1045.0,False,False,False,102,False,vol_high,True,False,trend_up,2022-11-01 20:00:00+00:00
2022-11-01 21:00:00+00:00,0.98836,0.98839,0.98742,0.98756,5447.0,False,False,False,102,False,vol_high,True,False,trend_up,2022-11-01 21:00:00+00:00
2022-11-01 22:00:00+00:00,0.98762,0.988,0.98702,0.98742,1876.0,False,False,False,102,False,vol_high,True,False,trend_up,2022-11-01 22:00:00+00:00
2022-11-01 23:00:00+00:00,0.98738,0.98791,0.98723,0.98776,1821.0,False,False,False,102,False,vol_high,True,False,trend_up,2022-11-01 23:00:00+00:00
2022-11-02 00:00:00+00:00,0.98782,0.98878,0.98745,0.98875,4143.0,False,False,False,102,False,vol_high,True,False,trend_up,2022-11-02 00:00:00+00:00
2022-11-02 01:00:00+00:00,0.98872,0.98893,0.98816,0.98882,4327.0,False,False,False,102,False,vol_high,True,False,trend_up,2022-11-02 01:00:00+00:00
2022-11-02 02:00:00+00:00,0.98882,0.98966,0.98789,0.98938,3212.0,False,False,False,102,False,vol_high,True,False,trend_up,2022-11-02 02:00:00+00:00
2022-11-02 03:00:00+00:00,0.9894,0.98998,0.98916,0.98932,3149.0,False,False,False,102,False,vol_high,True,False,trend_up,2022-11-02 03:00:00+00:00
2022-11-02 04:00:00+00:00,0.98933,0.98938,0.98796,0.98844,3104.0,False,False,False,102,False,vol_high,True,False,trend_up,2022-11-02 04:00:00+00:00
2022-11-02 05:00:00+00:00,0.98846,0.98932,0.98834,0.98878,3406.0,False,False,False,102,False,vol_high,True,False,trend_up,2022-11-02 05:00:00+00:00
2022-11-02 06:00:00+00:00,0.9888,0.98896,0.98786,0.98828,3626.0,False,False,False,102,False,vol_high,True,False,trend_up,2022-11-02 06:00:00+00:00
2022-11-02 07:00:00+00:00,0.98825,0.98858,0.98712,0.98842,4235.0,False,False,False,102,False,vol_normal,False,False,trend_up,2022-11-02 07:00:00+00:00
2022-11-02 08:00:00+00:00,0.98846,0.99068,0.98792,0.99002,5658.0,False,False,False,102,False,vol_normal,False,False,trend_up,2022-11-02 08:00:00+00:00
2022-11-02 09:00:00+00:00,0.99004,0.99056,0.98866,0.99052,4243.0,False,False,False,102,False,vol_normal,False,False,trend_down,2022-11-02 09:00:00+00:00
2022-11-02 10:00:00+00:00,0.9905,0.9912,0.98944,0.99016,4368.0,False,False,False,102,False,vol_normal,False,False,trend_down,2022-11-02 10:00:00+00:00
2022-11-02 11:00:00+00:00,0.99017,0.99058,0.98868,0.98978,4111.0,False,False,False,102,False,vol_normal,False,False,trend_up,2022-11-02 11:00:00+00:00
2022-11-02 12:00:00+00:00,0.98981,0.9908,0.98846,0.99062,8207.0,False,False,False,102,False,vol_high,True,False,trend_up,2022-11-02 12:00:00+00:00
2022-11-02 13:00:00+00:00,0.9906,0.99154,0.98882,0.98942,6996.0,False,False,False,102,False,vol_high,True,False,trend_up,2022-11-02 13:00:00+00:00
2022-11-02 14:00:00+00:00,0.98943,0.98944,0.98726,0.98736,5600.0,False,False,False,102,False,vol_normal,False,False,trend_up,2022-11-02 14:00:00+00:00
2022-11-02 15:00:00+00:00,0.98738,0.98862,0.98644,0.98744,5851.0,False,False,False,102,False,vol_normal,False,False,trend_up,2022-11-02 15:00:00+00:00
2022-11-02 16:00:00+00:00,0.98746,0.98764,0.9859,0.98676,3668.0,False,False,False,102,False,vol_normal,False,False,trend_up,2022-11-02 16:00:00+00:00
2022-11-02 17:00:00+00:00,0.98677,0.9892,0.98588,0.98808,3322.0,False,False,False,102,False,vol_normal,False,False,trend_up,2022-11-02 17:00:00+00:00
2022-11-02 18:00:00+00:00,0.98812,0.9976,0.98735,0.98848,27043.0,False,False,False,102,False,vol_high,True,False,trend_up,2022-11-02 18:00:00+00:00
2022-11-02 19:00:00+00:00,0.98854,0.99054,0.98224,0.98288,17741.0,False,False,False,102,False,vol_high,True,False,trend_down,2022-11-02 19:00:00+00:00
2022-11-02 20:00:00+00:00,0.98284,0.98315,0.9813,0.98156,3975.0,False,False,False,102,False,vol_high,True,False,trend_down,2022-11-02 20:00:00+00:00
2022-11-02 21:00:00+00:00,0.98188,0.98205,0.98159,0.98174,3411.0,False,False,False,102,False,vol_high,True,False,trend_down,2022-11-02 21:00:00+00:00
2022-11-02 22:00:00+00:00,0.9818,0.98318,0.98125,0.9815,2521.0,False,False,False,102,False,vol_high,True,False,trend_down,2022-11-02 22:00:00+00:00
2022-11-02 23:00:00+00:00,0.98148,0.98182,0.981,0.98139,2391.0,False,False,False,102,False,vol_high,True,False,trend_down,2022-11-02 23:00:00+00:00
2022-11-03 00:00:00+00:00,0.98142,0.98228,0.981,0.9821,3016.0,False,False,False,102,False,vol_high,True,False,trend_down,2022-11-03 00:00:00+00:00
2022-11-03 01:00:00+00:00,0.9821,0.98398,0.98202,0.98313,5183.0,False,False,False,102,False,vol_high,True,False,trend_down,2022-11-03 01:00:00+00:00
2022-11-03 02:00:00+00:00,0.9831,0.98394,0.98261,0.98273,3631.0,False,False,False,102,False,vol_high,True,False,trend_down,2022-11-03 02:00:00+00:00
2022-11-03 03:00:00+00:00,0.98272,0.98334,0.98244,0.98294,2359.0,False,False,False,102,False,vol_high,True,False,trend_down,2022-11-03 03:00:00+00:00
2022-11-03 04:00:00+00:00,0.98295,0.98364,0.98278,0.98348,2151.0,False,False,False,102,False,vol_high,True,False,trend_down,2022-11-03 04:00:00+00:00
2022-11-03 05:00:00+00:00,0.98348,0.9836,0.98246,0.98261,2589.0,False,False,False,102,False,vol_high,True,False,trend_down,2022-11-03 05:00:00+00:00
2022-11-03 06:00:00+00:00,0.9826,0.9826,0.98099,0.98116,3775.0,False,False,False,102,False,vol_high,True,False,trend_down,2022-11-03 06:00:00+00:00
2022-11-03 07:00:00+00:00,0.98108,0.98134,0.97728,0.9784,7318.0,False,False,False,102,False,vol_high,True,False,trend_down,2022-11-03 07:00:00+00:00
2022-11-03 08:00:00+00:00,0.97838,0.97903,0.97612,0.97676,7763.0,False,False,False,102,False,vol_high,True,False,trend_down,2022-11-03 08:00:00+00:00
2022-11-03 09:00:00+00:00,0.97677,0.97705,0.97474,0.97534,6507.0,False,False,False,102,False,vol_high,True,False,trend_up,2022-11-03 09:00:00+00:00
2022-11-03 10:00:00+00:00,0.97533,0.97564,0.97302,0.97454,5923.0,False,False,False,102,False,vol_high,True,False,trend_up,2022-11-03 10:00:00+00:00
2022-11-03 11:00:00+00:00,0.9745,0.97516,0.97354,0.97397,5561.0,False,False,False,102,False,vol_high,True,False,trend_up,2022-11-03 11:00:00+00:00
2022-11-03 12:00:00+00:00,0.97399,0.97636,0.9733,0.9741,11514.0,False,False,False,102,False,vol_high,True,False,trend_up,2022-11-03 12:00:00+00:00
2022-11-03 13:00:00+00:00,0.97408,0.97616,0.97353,0.97446,10961.0,False,False,False,102,False,vol_high,True,False,trend_up,2022-11-03 13:00:00+00:00
2022-11-03 14:00:00+00:00,0.97492,0.97948,0.97427,0.97855,13342.0,False,False,False,102,False,vol_high,True,False,trend_down,2022-11-03 14:00:00+00:00
2022-11-03 15:00:00+00:00,0.97857,0.97875,0.97532,0.9758,9518.0,False,False,False,102,False,vol_high,True,False,trend_up,2022-11-03 15:00:00+00:00
2022-11-03 16:00:00+00:00,0.97582,0.97696,0.97456,0.97481,6954.0,False,False,False,102,False,vol_high,True,False,trend_up,2022-11-03 16:00:00+00:00
2022-11-03 17:00:00+00:00,0.97475,0.97542,0.97445,0.97472,4237.0,False,False,False,102,False,vol_high,True,False,trend_up,2022-11-03 17:00:00+00:00
2022-11-03 18:00:00+00:00,0.9747,0.97566,0.97425,0.97536,3451.0,False,False,False,102,False,vol_high,True,False,trend_up,2022-11-03 18:00:00+00:00
2022-11-03 19:00:00+00:00,0.97536,0.97616,0.97488,0.97516,3450.0,False,False,False,102,False,vol_high,True,False,trend_up,2022-11-03 19:00:00+00:00
2022-11-03 20:00:00+00:00,0.97518,0.97522,0.97478,0.975,1586.0,False,False,False,102,False,vol_high,True,False,trend_up,2022-11-03 20:00:00+00:00
2022-11-03 21:00:00+00:00,0.97531,0.97553,0.97476,0.97495,1538.0,False,False,False,102,False,vol_high,True,False,trend_up,2022-11-03 21:00:00+00:00
2022-11-03 22:00:00+00:00,0.97492,0.97576,0.97426,0.97514,1836.0,False,False,False,102,False,vol_high,True,False,trend_up,2022-11-03 22:00:00+00:00
2022-11-03 23:00:00+00:00,0.9751,0.9752,0.97472,0.97492,1099.0,False,False,False,102,False,vol_high,True,False,trend_up,2022-11-03 23:00:00+00:00
2022-11-04 00:00:00+00:00,0.97496,0.97602,0.97476,0.97528,3740.0,False,False,False,102,False,vol_high,True,False,trend_down,2022-11-04 00:00:00+00:00
2022-11-04 01:00:00+00:00,0.9753,0.97666,0.97483,0.9764,3687.0,False,False,False,102,False,vol_high,True,False,trend_down,2022-11-04 01:00:00+00:00
2022-11-04 02:00:00+00:00,0.9764,0.97714,0.97605,0.97668,2827.0,False,False,False,102,False,vol_high,True,False,trend_down,2022-11-04 02:00:00+00:00
2022-11-04 03:00:00+00:00,0.97668,0.9774,0.97666,0.97732,2642.0,False,False,False,102,False,vol_high,True,False,trend_down,2022-11-04 03:00:00+00:00
2022-11-04 04:00:00+00:00,0.9773,0.97889,0.97723,0.97866,2950.0,False,False,False,102,False,vol_high,True,False,trend_down,2022-11-04 04:00:00+00:00
2022-11-04 05:00:00+00:00,0.97865,0.97907,0.97754,0.97755,3481.0,False,False,False,102,False,vol_high,True,False,trend_down,2022-11-04 05:00:00+00:00
2022-11-04 06:00:00+00:00,0.97754,0.97966,0.9773,0.97805,5290.0,False,False,False,102,False,vol_high,True,False,trend_down,2022-11-04 06:00:00+00:00
2022-11-04 07:00:00+00:00,0.97797,0.97858,0.9757,0.97639,6808.0,False,False,False,102,False,vol_high,True,False,trend_up,2022-11-04 07:00:00+00:00
2022-11-04 08:00:00+00:00,0.97642,0.97837,0.97642,0.9774,6178.0,False,False,False,102,False,vol_high,True,False,trend_down,2022-11-04 08:00:00+00:00
2022-11-04 09:00:00+00:00,0.97742,0.97909,0.97718,0.97754,5358.0,False,False,False,102,False,vol_high,True,False,trend_down,2022-11-04 09:00:00+00:00
2022-11-04 10:00:00+00:00,0.97754,0.97964,0.97734,0.97918,4659.0,False,False,False,102,False,vol_high,True,False,trend_down,2022-11-04 10:00:00+00:00
2022-11-04 11:00:00+00:00,0.97915,0.98119,0.97853,0.97972,7509.0,False,False,False,102,False,vol_high,True,False,trend_down,2022-11-04 11:00:00+00:00
2022-11-04 12:00:00+00:00,0.97974,0.9851,0.97514,0.98469,16142.0,False,False,False,102,False,vol_high,True,False,trend_down,2022-11-04 12:00:00+00:00
2022-11-04 13:00:00+00:00,0.98468,0.98818,0.98395,0.98668,17343.0,False,False,False,102,False,vol_high,True,False,trend_up,2022-11-04 13:00:00+00:00
2022-11-04 14:00:00+00:00,0.98667,0.99406,0.98604,0.99292,16320.0,False,True,False,102,False,vol_high,True,False,trend_up,2022-11-04 14:00:00+00:00
2022-11-04 15:00:00+00:00,0.99294,0.99338,0.98872,0.98954,11899.0,False,False,False,102,False,vol_high,True,False,trend_down,2022-11-04 15:00:00+00:00
2022-11-04 16:00:00+00:00,0.98951,0.99171,0.98878,0.99152,9748.0,False,False,False,102,False,vol_high,True,False,trend_down,2022-11-04 16:00:00+00:00
2022-11-04 17:00:00+00:00,0.99148,0.99278,0.99132,0.9923,6326.0,False,False,False,102,False,vol_high,True,False,trend_down,2022-11-04 17:00:00+00:00
2022-11-04 18:00:00+00:00,0.99232,0.99492,0.99146,0.99484,5885.0,False,False,False,102,False,vol_high,True,False,trend_down,2022-11-04 18:00:00+00:00
2022-11-04 19:00:00+00:00,0.99486,0.99666,0.99444,0.99607,6335.0,False,False,False,102,False,vol_high,True,False,trend_down,2022-11-04 19:00:00+00:00
2022-11-04 20:00:00+00:00,0.99605,0.99638,0.99565,0.99589,2286.0,False,False,False,102,False,vol_high,True,False,trend_down,2022-11-04 20:00:00+00:00
2022-11-06 22:00:00+00:00,0.99086,0.99331,0.99048,0.99235,4050.0,False,False,False,103,True,vol_high,True,False,trend_up,2022-11-06 22:00:00+00:00
2022-11-06 23:00:00+00:00,0.99293,0.99451,0.99186,0.99286,3802.0,False,False,False,103,False,vol_high,True,False,trend_up,2022-11-06 23:00:00+00:00
2022-11-07 00:00:00+00:00,0.99286,0.99471,0.99283,0.9933,4321.0,False,False,False,103,False,vol_high,True,False,trend_up,2022-11-07 00:00:00+00:00
2022-11-07 01:00:00+00:00,0.9933,0.99406,0.99178,0.99306,5817.0,False,False,False,103,False,vol_high,True,False,trend_up,2022-11-07 01:00:00+00:00
2022-11-07 02:00:00+00:00,0.99306,0.99394,0.99277,0.99378,4120.0,False,False,False,103,False,vol_high,True,False,trend_up,2022-11-07 02:00:00+00:00
2022-11-07 03:00:00+00:00,0.99382,0.99451,0.99254,0.99376,3295.0,False,False,False,103,False,vol_high,True,False,trend_up,2022-11-07 03:00:00+00:00
2022-11-07 04:00:00+00:00,0.99373,0.99432,0.99361,0.99391,2323.0,False,False,False,103,False,vol_high,True,False,trend_up,2022-11-07 04:00:00+00:00
2022-11-07 05:00:00+00:00,0.99393,0.99558,0.99382,0.99444,2965.0,False,False,False,103,False,vol_high,True,False,trend_up,2022-11-07 05:00:00+00:00
2022-11-07 06:00:00+00:00,0.99444,0.99486,0.9939,0.994,3569.0,False,False,False,103,False,vol_high,True,False,trend_up,2022-11-07 06:00:00+00:00
2022-11-07 07:00:00+00:00,0.99414,0.99472,0.99242,0.99278,6801.0,False,False,False,103,False,vol_high,True,False,trend_up,2022-11-07 07:00:00+00:00
2022-11-07 08:00:00+00:00,0.99282,0.99902,0.99247,0.99866,8864.0,False,False,False,103,False,vol_high,True,False,trend_up,2022-11-07 08:00:00+00:00
2022-11-07 09:00:00+00:00,0.99864,1.00072,0.99806,0.99857,8124.0,False,False,False,103,False,vol_high,True,False,trend_up,2022-11-07 09:00:00+00:00
2022-11-07 10:00:00+00:00,0.9986,0.99954,0.99796,0.99818,5194.0,False,False,False,103,False,vol_high,True,False,trend_up,2022-11-07 10:00:00+00:00
2022-11-07 11:00:00+00:00,0.9982,0.99895,0.9975,0.99813,4269.0,False,False,False,103,False,vol_high,True,False,trend_up,2022-11-07 11:00:00+00:00
2022-11-07 12:00:00+00:00,0.99811,0.9988,0.9966,0.99874,6093.0,False,False,False,103,False,vol_high,True,False,trend_up,2022-11-07 12:00:00+00:00
2022-11-07 13:00:00+00:00,0.99874,0.99984,0.99758,0.99938,9574.0,False,False,False,103,False,vol_high,True,False,trend_up,2022-11-07 13:00:00+00:00
2022-11-07 14:00:00+00:00,0.99944,1.0006,0.9981,0.99886,10137.0,False,False,False,103,False,vol_high,True,False,trend_up,2022-11-07 14:00:00+00:00
2022-11-07 15:00:00+00:00,0.9989,1.00026,0.99812,1.00012,9890.0,False,False,False,103,False,vol_high,True,False,trend_down,2022-11-07 15:00:00+00:00
2022-11-07 16:00:00+00:00,1.00009,1.00028,0.99884,0.99968,6518.0,False,False,False,103,False,vol_high,True,False,trend_down,2022-11-07 16:00:00+00:00
2022-11-07 17:00:00+00:00,0.99966,1.00266,0.99939,1.0022,5715.0,False,False,False,103,False,vol_high,True,False,trend_down,2022-11-07 17:00:00+00:00
2022-11-07 18:00:00+00:00,1.00218,1.00316,1.00196,1.00309,3957.0,False,False,False,103,False,vol_high,True,False,trend_down,2022-11-07 18:00:00+00:00
2022-11-07 19:00:00+00:00,1.0031,1.00345,1.00253,1.00266,3620.0,False,False,False,103,False,vol_high,True,False,trend_down,2022-11-07 19:00:00+00:00
2022-11-07 20:00:00+00:00,1.00264,1.00314,1.00188,1.00206,3397.0,False,False,False,103,False,vol_high,True,False,trend_down,2022-11-07 20:00:00+00:00
2022-11-07 21:00:00+00:00,1.002,1.0025,1.00194,1.0021,912.0,False,False,False,103,False,vol_high,True,False,trend_down,2022-11-07 21:00:00+00:00
2022-11-07 22:00:00+00:00,1.00181,1.00204,1.00136,1.00183,803.0,False,False,False,103,False,vol_high,True,False,trend_down,2022-11-07 22:00:00+00:00
2022-11-07 23:00:00+00:00,1.00186,1.00222,1.00154,1.00176,1882.0,False,False,False,103,False,vol_high,True,False,trend_down,2022-11-07 23:00:00+00:00
2022-11-08 00:00:00+00:00,1.00174,1.00312,1.00154,1.00275,2575.0,False,False,False,103,False,vol_high,True,False,trend_down,2022-11-08 00:00:00+00:00
2022-11-08 01:00:00+00:00,1.00276,1.00278,1.0011,1.0014,3947.0,False,False,False,103,False,vol_high,True,False,trend_down,2022-11-08 01:00:00+00:00
2022-11-08 02:00:00+00:00,1.0014,1.00158,1.0007,1.00074,2522.0,False,False,False,103,False,vol_high,True,False,trend_down,2022-11-08 02:00:00+00:00
2022-11-08 03:00:00+00:00,1.00076,1.00149,1.00064,1.00134,2109.0,False,False,False,103,False,vol_high,True,False,trend_down,2022-11-08 03:00:00+00:00
2022-11-08 04:00:00+00:00,1.00134,1.00145,1.00035,1.0006,1877.0,False,False,False,103,False,vol_high,True,False,trend_down,2022-11-08 04:00:00+00:00
2022-11-08 05:00:00+00:00,1.00062,1.00075,0.99956,0.99956,2600.0,False,False,False,103,False,vol_high,True,False,trend_down,2022-11-08 05:00:00+00:00
2022-11-08 06:00:00+00:00,0.99958,1.00077,0.99956,0.99989,2906.0,False,False,False,103,False,vol_high,True,False,trend_down,2022-11-08 06:00:00+00:00
2022-11-08 07:00:00+00:00,0.99991,1.00046,0.99872,0.99996,4016.0,False,False,False,103,False,vol_high,True,False,trend_down,2022-11-08 07:00:00+00:00
2022-11-08 08:00:00+00:00,0.99998,1.00057,0.99786,0.99827,6594.0,False,False,False,103,False,vol_high,True,False,trend_up,2022-11-08 08:00:00+00:00
2022-11-08 09:00:00+00:00,0.99826,1.00036,0.99716,1.00035,4691.0,False,False,False,103,False,vol_high,True,False,trend_down,2022-11-08 09:00:00+00:00
2022-11-08 10:00:00+00:00,1.00036,1.0005,0.99932,0.99948,3740.0,False,False,False,103,False,vol_high,True,False,trend_up,2022-11-08 10:00:00+00:00
2022-11-08 11:00:00+00:00,0.99946,1.00098,0.99898,0.99982,3336.0,False,False,False,103,False,vol_high,True,False,trend_up,2022-11-08 11:00:00+00:00
2022-11-08 12:00:00+00:00,0.99984,1.00018,0.99852,0.99938,4759.0,False,False,False,103,False,vol_high,True,False,trend_up,2022-11-08 12:00:00+00:00
2022-11-08 13:00:00+00:00,0.99939,1.00048,0.99918,0.99996,4857.0,False,False,False,103,False,vol_high,True,False,trend_down,2022-11-08 13:00:00+00:00
2022-11-08 14:00:00+00:00,0.99997,1.00127,0.99986,1.00114,6725.0,False,False,False,103,False,vol_high,True,False,trend_down,2022-11-08 14:00:00+00:00
2022-11-08 15:00:00+00:00,1.00106,1.00734,1.00106,1.00662,12188.0,False,False,False,103,False,vol_high,True,False,trend_down,2022-11-08 15:00:00+00:00
2022-11-08 16:00:00+00:00,1.00662,1.00942,1.00604,1.00877,7918.0,False,False,False,103,False,vol_high,True,False,trend_down,2022-11-08 16:00:00+00:00
2022-11-08 17:00:00+00:00,1.00876,1.0094,1.00795,1.00884,4311.0,False,False,False,103,False,vol_high,True,False,trend_down,2022-11-08 17:00:00+00:00
2022-11-08 18:00:00+00:00,1.00882,1.00965,1.0061,1.00675,6943.0,False,False,False,103,False,vol_high,True,False,trend_down,2022-11-08 18:00:00+00:00
2022-11-08 19:00:00+00:00,1.00674,1.0077,1.00543,1.00726,6974.0,False,False,False,103,False,vol_high,True,False,trend_down,2022-11-08 19:00:00+00:00
2022-11-08 20:00:00+00:00,1.00726,1.00828,1.00696,1.00716,5410.0,False,False,False,103,False,vol_high,True,False,trend_down,2022-11-08 20:00:00+00:00
2022-11-08 21:00:00+00:00,1.00712,1.00764,1.00696,1.00732,801.0,False,False,False,103,False,vol_high,True,False,trend_down,2022-11-08 21:00:00+00:00
2022-11-08 22:00:00+00:00,1.00769,1.00781,1.00708,1.00738,4305.0,False,False,False,103,False,vol_high,True,False,trend_down,2022-11-08 22:00:00+00:00
2022-11-08 23:00:00+00:00,1.00761,1.00851,1.00726,1.00804,2273.0,False,False,False,103,False,vol_high,True,False,trend_down,2022-11-08 23:00:00+00:00
2022-11-09 00:00:00+00:00,1.00804,1.00804,1.0062,1.00638,3481.0,False,False,False,103,False,vol_high,True,False,trend_down,2022-11-09 00:00:00+00:00
2022-11-09 01:00:00+00:00,1.00641,1.0073,1.00592,1.00631,5822.0,False,False,False,103,False,vol_high,True,False,trend_down,2022-11-09 01:00:00+00:00
2022-11-09 02:00:00+00:00,1.00631,1.00832,1.00631,1.00815,4314.0,False,False,False,103,False,vol_high,True,False,trend_down,2022-11-09 02:00:00+00:00
2022-11-09 03:00:00+00:00,1.00814,1.00884,1.00702,1.00718,4551.0,False,False,False,103,False,vol_high,True,False,trend_down,2022-11-09 03:00:00+00:00
2022-11-09 04:00:00+00:00,1.0072,1.00733,1.00646,1.00694,3721.0,False,False,False,103,False,vol_high,True,False,trend_down,2022-11-09 04:00:00+00:00
2022-11-09 05:00:00+00:00,1.00694,1.00732,1.00634,1.00684,4138.0,False,False,False,103,False,vol_high,True,False,trend_down,2022-11-09 05:00:00+00:00
2022-11-09 06:00:00+00:00,1.00686,1.00706,1.00562,1.00585,3939.0,False,False,False,103,False,vol_high,True,False,trend_down,2022-11-09 06:00:00+00:00
2022-11-09 07:00:00+00:00,1.00586,1.00716,1.00586,1.00644,5669.0,False,False,False,103,False,vol_high,True,False,trend_down,2022-11-09 07:00:00+00:00
2022-11-09 08:00:00+00:00,1.00646,1.00854,1.00632,1.00694,8802.0,False,False,False,103,False,vol_high,True,False,trend_down,2022-11-09 08:00:00+00:00
2022-11-09 09:00:00+00:00,1.00696,1.00709,1.00402,1.0047,8525.0,False,False,False,103,False,vol_high,True,False,trend_down,2022-11-09 09:00:00+00:00
2022-11-09 10:00:00+00:00,1.00468,1.00533,1.0034,1.00458,7750.0,False,False,False,103,False,vol_high,True,False,trend_down,2022-11-09 10:00:00+00:00
2022-11-09 11:00:00+00:00,1.00458,1.00644,1.00454,1.0054,5931.0,False,False,False,103,False,vol_high,True,False,trend_down,2022-11-09 11:00:00+00:00
2022-11-09 12:00:00+00:00,1.00542,1.00568,1.00406,1.00498,6473.0,False,False,False,103,False,vol_high,True,False,trend_down,2022-11-09 12:00:00+00:00
2022-11-09 13:00:00+00:00,1.00494,1.00506,1.00228,1.00286,9944.0,False,False,False,103,False,vol_high,True,False,trend_up,2022-11-09 13:00:00+00:00
2022-11-09 14:00:00+00:00,1.00294,1.0041,1.0011,1.00184,10730.0,False,False,False,103,False,vol_high,True,False,trend_up,2022-11-09 14:00:00+00:00
2022-11-09 15:00:00+00:00,1.00184,1.00866,1.00125,1.0028,16703.0,False,False,False,103,False,vol_high,True,False,trend_up,2022-11-09 15:00:00+00:00
2022-11-09 16:00:00+00:00,1.00278,1.00528,1.00278,1.00368,9103.0,False,False,False,103,False,vol_high,True,False,trend_up,2022-11-09 16:00:00+00:00
2022-11-09 17:00:00+00:00,1.00366,1.0043,1.00226,1.00272,5703.0,False,False,False,103,False,vol_high,True,False,trend_up,2022-11-09 17:00:00+00:00
2022-11-09 18:00:00+00:00,1.00272,1.00311,1.0003,1.00124,7291.0,False,False,False,103,False,vol_high,True,False,trend_up,2022-11-09 18:00:00+00:00
2022-11-09 19:00:00+00:00,1.00125,1.00146,0.9993,1.00027,5113.0,False,False,False,103,False,vol_high,True,False,trend_up,2022-11-09 19:00:00+00:00
2022-11-09 20:00:00+00:00,1.00028,1.00156,1.00017,1.00103,5282.0,False,False,False,103,False,vol_high,True,False,trend_up,2022-11-09 20:00:00+00:00
2022-11-09 21:00:00+00:00,1.00102,1.0016,1.00072,1.00117,2145.0,False,False,False,103,False,vol_high,True,False,trend_up,2022-11-09 21:00:00+00:00
2022-11-09 22:00:00+00:00,1.00118,1.0013,1.00076,1.0012,2904.0,False,False,False,103,False,vol_high,True,False,trend_up,2022-11-09 22:00:00+00:00
2022-11-09 23:00:00+00:00,1.0012,1.00206,1.00094,1.00192,2004.0,False,False,False,103,False,vol_high,True,False,trend_up,2022-11-09 23:00:00+00:00
2022-11-10 00:00:00+00:00,1.00193,1.00272,1.00154,1.00209,2803.0,False,False,False,103,False,vol_high,True,False,trend_down,2022-11-10 00:00:00+00:00
2022-11-10 01:00:00+00:00,1.00211,1.00292,1.00189,1.00238,4228.0,False,False,False,103,False,vol_high,True,False,trend_down,2022-11-10 01:00:00+00:00
2022-11-10 02:00:00+00:00,1.00238,1.0025,1.00102,1.0017,4156.0,False,False,False,103,False,vol_high,True,False,trend_down,2022-11-10 02:00:00+00:00
2022-11-10 03:00:00+00:00,1.00168,1.00294,1.00151,1.00264,3058.0,False,False,False,103,False,vol_high,True,False,trend_down,2022-11-10 03:00:00+00:00
2022-11-10 04:00:00+00:00,1.00263,1.00292,1.00232,1.00288,2279.0,False,False,False,103,False,vol_high,True,False,trend_down,2022-11-10 04:00:00+00:00
2022-11-10 05:00:00+00:00,1.0029,1.00384,1.0026,1.00347,3313.0,False,False,False,103,False,vol_high,True,False,trend_down,2022-11-10 05:00:00+00:00
2022-11-10 06:00:00+00:00,1.00348,1.0043,1.00287,1.00318,4224.0,False,False,False,103,False,vol_high,True,False,trend_down,2022-11-10 06:00:00+00:00
2022-11-10 07:00:00+00:00,1.00316,1.00316,0.99964,0.99977,6818.0,False,False,False,103,False,vol_high,True,False,trend_down,2022-11-10 07:00:00+00:00
2022-11-10 08:00:00+00:00,0.99981,1.00142,0.99864,0.99912,7475.0,False,False,False,103,False,vol_high,True,False,trend_down,2022-11-10 08:00:00+00:00
2022-11-10 09:00:00+00:00,0.99908,0.99918,0.99594,0.99615,6249.0,False,False,False,103,False,vol_high,True,False,trend_down,2022-11-10 09:00:00+00:00
2022-11-10 10:00:00+00:00,0.99613,0.99694,0.99364,0.99552,6947.0,False,False,False,103,False,vol_high,True,False,trend_down,2022-11-10 10:00:00+00:00
2022-11-10 11:00:00+00:00,0.99553,0.99578,0.99354,0.99448,5965.0,False,False,False,103,False,vol_high,True,False,trend_up,2022-11-10 11:00:00+00:00
2022-11-10 12:00:00+00:00,0.9945,0.99516,0.99418,0.99492,4727.0,False,False,False,103,False,vol_high,True,False,trend_up,2022-11-10 12:00:00+00:00
2022-11-10 13:00:00+00:00,0.99488,1.016,0.99424,1.01227,18887.0,False,True,False,103,False,vol_high,True,False,trend_up,2022-11-10 13:00:00+00:00
2022-11-10 14:00:00+00:00,1.01229,1.01679,1.011,1.01639,23686.0,False,False,False,103,False,vol_high,True,False,trend_up,2022-11-10 14:00:00+00:00
2022-11-10 15:00:00+00:00,1.0164,1.01854,1.01422,1.01811,19865.0,False,False,False,103,False,vol_high,True,False,trend_up,2022-11-10 15:00:00+00:00
2022-11-10 16:00:00+00:00,1.01811,1.01815,1.01472,1.01746,13103.0,False,False,False,103,False,vol_high,True,False,trend_up,2022-11-10 16:00:00+00:00
2022-11-10 17:00:00+00:00,1.0175,1.01761,1.01288,1.01428,8352.0,False,False,False,103,False,vol_high,True,False,trend_up,2022-11-10 17:00:00+00:00
2022-11-10 18:00:00+00:00,1.01434,1.01618,1.01428,1.01583,8174.0,False,False,False,103,False,vol_high,True,False,trend_up,2022-11-10 18:00:00+00:00
2022-11-10 19:00:00+00:00,1.01582,1.01822,1.01571,1.01812,5097.0,False,False,False,103,False,vol_high,True,False,trend_up,2022-11-10 19:00:00+00:00
2022-11-10 20:00:00+00:00,1.01814,1.01976,1.01782,1.01968,4705.0,False,False,False,103,False,vol_high,True,False,trend_up,2022-11-10 20:00:00+00:00
2022-11-10 21:00:00+00:00,1.01977,1.0222,1.01952,1.02076,5846.0,False,False,False,103,False,vol_high,True,False,trend_up,2022-11-10 21:00:00+00:00
2022-11-10 22:00:00+00:00,1.02063,1.02063,1.01951,1.01984,5667.0,False,False,False,103,False,vol_high,True,False,trend_up,2022-11-10 22:00:00+00:00
2022-11-10 23:00:00+00:00,1.01999,1.02044,1.01884,1.01916,3406.0,False,False,False,103,False,vol_high,True,False,trend_up,2022-11-10 23:00:00+00:00
2022-11-11 00:00:00+00:00,1.01917,1.01962,1.01756,1.01851,5080.0,False,False,False,103,False,vol_high,True,False,trend_up,2022-11-11 00:00:00+00:00
2022-11-11 01:00:00+00:00,1.01856,1.01902,1.01632,1.01663,6939.0,False,False,False,103,False,vol_high,True,False,trend_up,2022-11-11 01:00:00+00:00
2022-11-11 02:00:00+00:00,1.01665,1.01984,1.01665,1.01944,5049.0,False,False,False,103,False,vol_high,True,False,trend_up,2022-11-11 02:00:00+00:00
2022-11-11 03:00:00+00:00,1.01943,1.01956,1.01818,1.01842,4292.0,False,False,False,103,False,vol_high,True,False,trend_up,2022-11-11 03:00:00+00:00
2022-11-11 04:00:00+00:00,1.01842,1.01944,1.01778,1.01922,2852.0,False,False,False,103,False,vol_high,True,False,trend_up,2022-11-11 04:00:00+00:00
2022-11-11 05:00:00+00:00,1.01922,1.02232,1.01894,1.02191,6390.0,False,False,False,103,False,vol_high,True,False,trend_up,2022-11-11 05:00:00+00:00
2022-11-11 06:00:00+00:00,1.02189,1.02348,1.0208,1.02176,6096.0,False,False,False,103,False,vol_high,True,False,trend_up,2022-11-11 06:00:00+00:00
2022-11-11 07:00:00+00:00,1.0219,1.02534,1.02113,1.02447,8557.0,False,False,False,103,False,vol_high,True,False,trend_up,2022-11-11 07:00:00+00:00
2022-11-11 08:00:00+00:00,1.02446,1.0274,1.02264,1.02704,9535.0,False,False,False,103,False,vol_high,True,False,trend_up,2022-11-11 08:00:00+00:00
2022-11-11 09:00:00+00:00,1.02708,1.02718,1.02408,1.02692,9266.0,False,False,False,103,False,vol_high,True,False,trend_up,2022-11-11 09:00:00+00:00
2022-11-11 10:00:00+00:00,1.02694,1.028,1.02542,1.02558,11168.0,False,False,False,103,False,vol_high,True,False,trend_up,2022-11-11 10:00:00+00:00
2022-11-11 11:00:00+00:00,1.02562,1.02949,1.02547,1.0291,8193.0,False,False,False,103,False,vol_high,True,False,trend_up,2022-11-11 11:00:00+00:00
2022-11-11 12:00:00+00:00,1.02911,1.0314,1.02842,1.0309,8683.0,False,False,False,103,False,vol_high,True,False,trend_up,2022-11-11 12:00:00+00:00
2022-11-11 13:00:00+00:00,1.0309,1.03243,1.03024,1.0312,10783.0,False,False,False,103,False,vol_high,True,False,trend_down,2022-11-11 13:00:00+00:00
2022-11-11 14:00:00+00:00,1.0312,1.03236,1.02658,1.02881,13084.0,False,False,False,103,False,vol_high,True,False,trend_down,2022-11-11 14:00:00+00:00
2022-11-11 15:00:00+00:00,1.02882,1.0327,1.02753,1.03266,16034.0,False,False,False,103,False,vol_high,True,False,trend_down,2022-11-11 15:00:00+00:00
2022-11-11 16:00:00+00:00,1.03264,1.03392,1.03122,1.0333,11211.0,False,False,False,103,False,vol_high,True,False,trend_down,2022-11-11 16:00:00+00:00
2022-11-11 17:00:00+00:00,1.0333,1.03452,1.03291,1.0342,6436.0,False,False,False,103,False,vol_high,True,False,trend_down,2022-11-11 17:00:00+00:00
2022-11-11 18:00:00+00:00,1.0342,1.03596,1.03381,1.03572,5098.0,False,False,False,103,False,vol_high,True,False,trend_down,2022-11-11 18:00:00+00:00
2022-11-11 19:00:00+00:00,1.03568,1.03642,1.0349,1.03624,5822.0,False,False,False,103,False,vol_high,True,False,trend_down,2022-11-11 19:00:00+00:00
2022-11-11 20:00:00+00:00,1.03626,1.03626,1.03483,1.03575,5852.0,False,False,False,103,False,vol_high,True,False,trend_down,2022-11-11 20:00:00+00:00
2022-11-11 21:00:00+00:00,1.03576,1.03599,1.03526,1.03542,2458.0,False,False,False,103,False,vol_high,True,False,trend_down,2022-11-11 21:00:00+00:00
2022-11-13 22:00:00+00:00,1.03351,1.03401,1.03128,1.03194,2076.0,False,False,False,104,True,vol_high,True,False,trend_down,2022-11-13 22:00:00+00:00
2022-11-13 23:00:00+00:00,1.03205,1.03346,1.03146,1.0327,5774.0,False,False,False,104,False,vol_high,True,False,trend_down,2022-11-13 23:00:00+00:00
2022-11-14 00:00:00+00:00,1.03268,1.03366,1.0324,1.03328,6206.0,False,False,False,104,False,vol_high,True,False,trend_down,2022-11-14 00:00:00+00:00
2022-11-14 01:00:00+00:00,1.03324,1.03498,1.03214,1.03274,8817.0,False,False,False,104,False,vol_high,True,False,trend_up,2022-11-14 01:00:00+00:00
2022-11-14 02:00:00+00:00,1.03277,1.03308,1.03164,1.03258,5825.0,False,False,False,104,False,vol_high,True,False,trend_down,2022-11-14 02:00:00+00:00
2022-11-14 03:00:00+00:00,1.03259,1.03346,1.03222,1.03269,5070.0,False,False,False,104,False,vol_high,True,False,trend_up,2022-11-14 03:00:00+00:00
2022-11-14 04:00:00+00:00,1.0327,1.03272,1.03054,1.03124,4117.0,False,False,False,104,False,vol_high,True,False,trend_up,2022-11-14 04:00:00+00:00
2022-11-14 05:00:00+00:00,1.03124,1.0313,1.02978,1.03004,4787.0,False,False,False,104,False,vol_high,True,False,trend_up,2022-11-14 05:00:00+00:00
2022-11-14 06:00:00+00:00,1.03004,1.03272,1.03004,1.03249,4574.0,False,False,False,104,False,vol_high,True,False,trend_up,2022-11-14 06:00:00+00:00
2022-11-14 07:00:00+00:00,1.03252,1.03288,1.03122,1.03278,6061.0,False,False,False,104,False,vol_high,True,False,trend_up,2022-11-14 07:00:00+00:00
2022-11-14 08:00:00+00:00,1.03277,1.03508,1.03252,1.03446,9342.0,False,False,False,104,False,vol_high,True,False,trend_up,2022-11-14 08:00:00+00:00
2022-11-14 09:00:00+00:00,1.03443,1.03448,1.03084,1.03128,8794.0,False,False,False,104,False,vol_high,True,False,trend_up,2022-11-14 09:00:00+00:00
2022-11-14 10:00:00+00:00,1.03126,1.03182,1.02875,1.0293,7691.0,False,False,False,104,False,vol_high,True,False,trend_up,2022-11-14 10:00:00+00:00
2022-11-14 11:00:00+00:00,1.0293,1.02943,1.02752,1.0284,5746.0,False,False,False,104,False,vol_high,True,False,trend_up,2022-11-14 11:00:00+00:00
2022-11-14 12:00:00+00:00,1.02837,1.03362,1.02716,1.03341,8013.0,False,False,False,104,False,vol_high,True,False,trend_up,2022-11-14 12:00:00+00:00
2022-11-14 13:00:00+00:00,1.03342,1.03356,1.03072,1.0318,10766.0,False,False,False,104,False,vol_high,True,False,trend_up,2022-11-14 13:00:00+00:00
2022-11-14 14:00:00+00:00,1.03183,1.03262,1.02974,1.03134,10062.0,False,False,False,104,False,vol_high,True,False,trend_up,2022-11-14 14:00:00+00:00
2022-11-14 15:00:00+00:00,1.03135,1.03361,1.03127,1.033,11689.0,False,False,False,104,False,vol_high,True,False,trend_up,2022-11-14 15:00:00+00:00
2022-11-14 16:00:00+00:00,1.03302,1.03512,1.03248,1.03358,9333.0,False,False,False,104,False,vol_high,True,False,trend_down,2022-11-14 16:00:00+00:00
2022-11-14 17:00:00+00:00,1.03358,1.03492,1.0332,1.03356,6801.0,False,False,False,104,False,vol_high,True,False,trend_down,2022-11-14 17:00:00+00:00
2022-11-14 18:00:00+00:00,1.03354,1.0355,1.03338,1.03532,4775.0,False,False,False,104,False,vol_high,True,False,trend_down,2022-11-14 18:00:00+00:00
2022-11-14 19:00:00+00:00,1.03533,1.03586,1.03462,1.03534,3453.0,False,False,False,104,False,vol_high,True,False,trend_down,2022-11-14 19:00:00+00:00
2022-11-14 20:00:00+00:00,1.03536,1.03552,1.03286,1.03286,3880.0,False,False,False,104,False,vol_high,True,False,trend_up,2022-11-14 20:00:00+00:00
2022-11-14 21:00:00+00:00,1.03285,1.03334,1.0326,1.03271,1848.0,False,False,False,104,False,vol_high,True,False,trend_up,2022-11-14 21:00:00+00:00
2022-11-14 22:00:00+00:00,1.03282,1.03331,1.0323,1.0323,1409.0,False,False,False,104,False,vol_high,True,False,trend_down,2022-11-14 22:00:00+00:00
2022-11-14 23:00:00+00:00,1.03226,1.03282,1.03156,1.03198,2326.0,False,False,False,104,False,vol_high,True,False,trend_up,2022-11-14 23:00:00+00:00
2022-11-15 00:00:00+00:00,1.03201,1.03253,1.03126,1.03188,3522.0,False,False,False,104,False,vol_high,True,False,trend_up,2022-11-15 00:00:00+00:00
2022-11-15 01:00:00+00:00,1.03192,1.03286,1.03122,1.03196,4915.0,False,False,False,104,False,vol_high,True,False,trend_up,2022-11-15 01:00:00+00:00
2022-11-15 02:00:00+00:00,1.03196,1.03278,1.03156,1.03207,4572.0,False,False,False,104,False,vol_high,True,False,trend_up,2022-11-15 02:00:00+00:00
2022-11-15 03:00:00+00:00,1.03209,1.03239,1.03138,1.03204,3298.0,False,False,False,104,False,vol_high,True,False,trend_down,2022-11-15 03:00:00+00:00
2022-11-15 04:00:00+00:00,1.03208,1.03234,1.03165,1.03212,2775.0,False,False,False,104,False,vol_high,True,False,trend_down,2022-11-15 04:00:00+00:00
2022-11-15 05:00:00+00:00,1.0321,1.0335,1.03198,1.0332,3433.0,False,False,False,104,False,vol_high,True,False,trend_down,2022-11-15 05:00:00+00:00
2022-11-15 06:00:00+00:00,1.03318,1.0344,1.03277,1.03404,3802.0,False,False,False,104,False,vol_high,True,False,trend_down,2022-11-15 06:00:00+00:00
2022-11-15 07:00:00+00:00,1.03408,1.04181,1.0339,1.04074,11583.0,False,True,False,104,False,vol_high,True,False,trend_down,2022-11-15 07:00:00+00:00
2022-11-15 08:00:00+00:00,1.04073,1.04173,1.03937,1.04074,11235.0,False,False,False,104,False,vol_high,True,False,trend_down,2022-11-15 08:00:00+00:00
2022-11-15 09:00:00+00:00,1.04074,1.04092,1.03881,1.0401,7871.0,False,False,False,104,False,vol_high,True,False,trend_down,2022-11-15 09:00:00+00:00
2022-11-15 10:00:00+00:00,1.04057,1.04376,1.03954,1.0428,8658.0,False,False,False,104,False,vol_high,True,False,trend_down,2022-11-15 10:00:00+00:00
2022-11-15 11:00:00+00:00,1.04282,1.04368,1.04092,1.04112,7467.0,False,False,False,104,False,vol_high,True,False,trend_down,2022-11-15 11:00:00+00:00
2022-11-15 12:00:00+00:00,1.04114,1.04153,1.03974,1.04074,7507.0,False,False,False,104,False,vol_high,True,False,trend_down,2022-11-15 12:00:00+00:00
2022-11-15 13:00:00+00:00,1.04073,1.04815,1.03922,1.04385,19378.0,False,False,False,104,False,vol_high,True,False,trend_down,2022-11-15 13:00:00+00:00
2022-11-15 14:00:00+00:00,1.04392,1.04446,1.03807,1.04004,20048.0,False,False,False,104,False,vol_high,True,False,trend_down,2022-11-15 14:00:00+00:00
2022-11-15 15:00:00+00:00,1.04006,1.04087,1.0361,1.03682,17017.0,False,False,False,104,False,vol_high,True,False,trend_down,2022-11-15 15:00:00+00:00
2022-11-15 16:00:00+00:00,1.03682,1.03898,1.03608,1.03715,11994.0,False,False,False,104,False,vol_high,True,False,trend_down,2022-11-15 16:00:00+00:00
2022-11-15 17:00:00+00:00,1.03716,1.03865,1.03482,1.03851,8737.0,False,False,False,104,False,vol_high,True,False,trend_down,2022-11-15 17:00:00+00:00
2022-11-15 18:00:00+00:00,1.03852,1.03888,1.02932,1.03094,19069.0,False,True,False,104,False,vol_high,True,False,trend_up,2022-11-15 18:00:00+00:00
2022-11-15 19:00:00+00:00,1.03094,1.03659,1.02802,1.03641,20828.0,False,False,False,104,False,vol_high,True,False,trend_up,2022-11-15 19:00:00+00:00
2022-11-15 20:00:00+00:00,1.03643,1.03776,1.03528,1.03538,10537.0,False,False,False,104,False,vol_high,True,False,trend_up,2022-11-15 20:00:00+00:00
2022-11-15 21:00:00+00:00,1.03534,1.03584,1.03436,1.03481,3548.0,False,False,False,104,False,vol_high,True,False,trend_up,2022-11-15 21:00:00+00:00
2022-11-15 22:00:00+00:00,1.03489,1.03528,1.03429,1.03454,1850.0,False,False,False,104,False,vol_high,True,False,trend_up,2022-11-15 22:00:00+00:00
2022-11-15 23:00:00+00:00,1.03454,1.03612,1.03398,1.03576,3451.0,False,False,False,104,False,vol_high,True,False,trend_up,2022-11-15 23:00:00+00:00
2022-11-16 00:00:00+00:00,1.03578,1.03613,1.03358,1.03445,6907.0,False,False,False,104,False,vol_high,True,False,trend_up,2022-11-16 00:00:00+00:00
2022-11-16 01:00:00+00:00,1.03443,1.035,1.03309,1.0344,8813.0,False,False,False,104,False,vol_high,True,False,trend_up,2022-11-16 01:00:00+00:00
2022-11-16 02:00:00+00:00,1.0344,1.03872,1.03417,1.0377,8829.0,False,False,False,104,False,vol_high,True,False,trend_up,2022-11-16 02:00:00+00:00
2022-11-16 03:00:00+00:00,1.03771,1.0378,1.03528,1.03537,5344.0,False,False,False,104,False,vol_high,True,False,trend_up,2022-11-16 03:00:00+00:00
2022-11-16 04:00:00+00:00,1.03538,1.03564,1.03377,1.03452,5219.0,False,False,False,104,False,vol_high,True,False,trend_up,2022-11-16 04:00:00+00:00
2022-11-16 05:00:00+00:00,1.03454,1.03787,1.0341,1.03737,7647.0,False,False,False,104,False,vol_high,True,False,trend_up,2022-11-16 05:00:00+00:00
2022-11-16 06:00:00+00:00,1.03736,1.0387,1.03659,1.03787,6495.0,False,False,False,104,False,vol_high,True,False,trend_up,2022-11-16 06:00:00+00:00
2022-11-16 07:00:00+00:00,1.03789,1.04148,1.03752,1.04027,9896.0,False,False,False,104,False,vol_high,True,False,trend_down,2022-11-16 07:00:00+00:00
2022-11-16 08:00:00+00:00,1.0403,1.04208,1.03874,1.04061,10300.0,False,False,False,104,False,vol_high,True,False,trend_down,2022-11-16 08:00:00+00:00
2022-11-16 09:00:00+00:00,1.04063,1.04255,1.04043,1.042,6876.0,False,False,False,104,False,vol_high,True,False,trend_down,2022-11-16 09:00:00+00:00
2022-11-16 10:00:00+00:00,1.04212,1.04386,1.04154,1.04282,7298.0,False,False,False,104,False,vol_high,True,False,trend_down,2022-11-16 10:00:00+00:00
2022-11-16 11:00:00+00:00,1.04284,1.04319,1.04115,1.04166,6516.0,False,False,False,104,False,vol_high,True,False,trend_down,2022-11-16 11:00:00+00:00
2022-11-16 12:00:00+00:00,1.04168,1.04282,1.04092,1.04196,7475.0,False,False,False,104,False,vol_high,True,False,trend_down,2022-11-16 12:00:00+00:00
2022-11-16 13:00:00+00:00,1.04196,1.0423,1.03843,1.0391,13377.0,False,False,False,104,False,vol_high,True,False,trend_down,2022-11-16 13:00:00+00:00
2022-11-16 14:00:00+00:00,1.03912,1.04104,1.03726,1.03883,15408.0,False,False,False,104,False,vol_high,True,False,trend_up,2022-11-16 14:00:00+00:00
2022-11-16 15:00:00+00:00,1.0388,1.04056,1.0373,1.04038,12713.0,False,False,False,104,False,vol_high,True,False,trend_down,2022-11-16 15:00:00+00:00
2022-11-16 16:00:00+00:00,1.04036,1.04128,1.0391,1.03945,8040.0,False,False,False,104,False,vol_high,True,False,trend_down,2022-11-16 16:00:00+00:00
2022-11-16 17:00:00+00:00,1.03946,1.03989,1.03714,1.0384,6338.0,False,False,False,104,False,vol_high,True,False,trend_up,2022-11-16 17:00:00+00:00
2022-11-16 18:00:00+00:00,1.0384,1.03862,1.03548,1.03668,6477.0,False,False,False,104,False,vol_high,True,False,trend_up,2022-11-16 18:00:00+00:00
2022-11-16 19:00:00+00:00,1.03669,1.03926,1.03666,1.0392,5266.0,False,False,False,104,False,vol_high,True,False,trend_up,2022-11-16 19:00:00+00:00
2022-11-16 20:00:00+00:00,1.0392,1.04048,1.0383,1.03978,5693.0,False,False,False,104,False,vol_high,True,False,trend_up,2022-11-16 20:00:00+00:00
2022-11-16 21:00:00+00:00,1.03978,1.03991,1.03893,1.03944,2813.0,False,False,False,104,False,vol_high,True,False,trend_up,2022-11-16 21:00:00+00:00
2022-11-16 22:00:00+00:00,1.0392,1.03994,1.03906,1.03942,4079.0,False,False,False,104,False,vol_high,True,False,trend_up,2022-11-16 22:00:00+00:00
2022-11-16 23:00:00+00:00,1.0395,1.03985,1.03916,1.03936,2284.0,False,False,False,104,False,vol_high,True,False,trend_up,2022-11-16 23:00:00+00:00
2022-11-17 00:00:00+00:00,1.03936,1.03952,1.03856,1.03866,3220.0,False,False,False,104,False,vol_high,True,False,trend_up,2022-11-17 00:00:00+00:00
2022-11-17 01:00:00+00:00,1.03866,1.03913,1.03741,1.03774,4237.0,False,False,False,104,False,vol_high,True,False,trend_up,2022-11-17 01:00:00+00:00
2022-11-17 02:00:00+00:00,1.03774,1.03798,1.03623,1.03702,4773.0,False,False,False,104,False,vol_high,True,False,trend_up,2022-11-17 02:00:00+00:00
2022-11-17 03:00:00+00:00,1.03704,1.03742,1.03598,1.0372,4003.0,False,False,False,104,False,vol_high,True,False,trend_up,2022-11-17 03:00:00+00:00
2022-11-17 04:00:00+00:00,1.03723,1.03813,1.03698,1.0371,3012.0,False,False,False,104,False,vol_high,True,False,trend_up,2022-11-17 04:00:00+00:00
2022-11-17 05:00:00+00:00,1.03712,1.03835,1.03686,1.03803,3925.0,False,False,False,104,False,vol_high,True,False,trend_up,2022-11-17 05:00:00+00:00
2022-11-17 06:00:00+00:00,1.03801,1.03929,1.03771,1.03878,4335.0,False,False,False,104,False,vol_high,True,False,trend_down,2022-11-17 06:00:00+00:00
2022-11-17 07:00:00+00:00,1.03876,1.03951,1.03702,1.03928,6526.0,False,False,False,104,False,vol_high,True,False,trend_up,2022-11-17 07:00:00+00:00
2022-11-17 08:00:00+00:00,1.03928,1.04068,1.03851,1.03863,9109.0,False,False,False,104,False,vol_high,True,False,trend_up,2022-11-17 08:00:00+00:00
2022-11-17 09:00:00+00:00,1.03864,1.03874,1.03568,1.03639,7340.0,False,False,False,104,False,vol_high,True,False,trend_up,2022-11-17 09:00:00+00:00
2022-11-17 10:00:00+00:00,1.03639,1.03702,1.03358,1.0338,7061.0,False,False,False,104,False,vol_high,True,False,trend_up,2022-11-17 10:00:00+00:00
2022-11-17 11:00:00+00:00,1.0338,1.03514,1.03274,1.03466,7949.0,False,False,False,104,False,vol_high,True,False,trend_up,2022-11-17 11:00:00+00:00
2022-11-17 12:00:00+00:00,1.03466,1.0355,1.03209,1.03326,10319.0,False,False,False,104,False,vol_high,True,False,trend_up,2022-11-17 12:00:00+00:00
2022-11-17 13:00:00+00:00,1.03326,1.03537,1.03108,1.03124,14054.0,False,False,False,104,False,vol_high,True,False,trend_up,2022-11-17 13:00:00+00:00
2022-11-17 14:00:00+00:00,1.03124,1.03484,1.03053,1.0335,12023.0,False,False,False,104,False,vol_high,True,False,trend_up,2022-11-17 14:00:00+00:00
2022-11-17 15:00:00+00:00,1.03352,1.03498,1.03209,1.03288,11061.0,False,False,False,104,False,vol_high,True,False,trend_up,2022-11-17 15:00:00+00:00
2022-11-17 16:00:00+00:00,1.03294,1.03429,1.0319,1.03392,7858.0,False,False,False,104,False,vol_high,True,False,trend_up,2022-11-17 16:00:00+00:00
2022-11-17 17:00:00+00:00,1.03392,1.0357,1.03371,1.03502,7335.0,False,False,False,104,False,vol_high,True,False,trend_up,2022-11-17 17:00:00+00:00
2022-11-17 18:00:00+00:00,1.03502,1.03696,1.03482,1.03658,4756.0,False,False,False,104,False,vol_high,True,False,trend_up,2022-11-17 18:00:00+00:00
2022-11-17 19:00:00+00:00,1.03657,1.03689,1.03592,1.03638,4133.0,False,False,False,104,False,vol_high,True,False,trend_up,2022-11-17 19:00:00+00:00
2022-11-17 20:00:00+00:00,1.03637,1.03692,1.03576,1.03685,4020.0,False,False,False,104,False,vol_high,True,False,trend_down,2022-11-17 20:00:00+00:00
2022-11-17 21:00:00+00:00,1.03685,1.03697,1.03642,1.0365,1611.0,False,False,False,104,False,vol_high,True,False,trend_down,2022-11-17 21:00:00+00:00
2022-11-17 22:00:00+00:00,1.03626,1.03652,1.036,1.03644,3741.0,False,False,False,104,False,vol_high,True,False,trend_down,2022-11-17 22:00:00+00:00
2022-11-17 23:00:00+00:00,1.03644,1.03668,1.03604,1.03608,2257.0,False,False,False,104,False,vol_high,True,False,trend_down,2022-11-17 23:00:00+00:00
2022-11-18 00:00:00+00:00,1.03608,1.0374,1.03572,1.03716,2798.0,False,False,False,104,False,vol_high,True,False,trend_down,2022-11-18 00:00:00+00:00
2022-11-18 01:00:00+00:00,1.03715,1.03781,1.03619,1.03679,5003.0,False,False,False,104,False,vol_high,True,False,trend_down,2022-11-18 01:00:00+00:00
2022-11-18 02:00:00+00:00,1.03677,1.0378,1.03648,1.03678,4399.0,False,False,False,104,False,vol_high,True,False,trend_down,2022-11-18 02:00:00+00:00
2022-11-18 03:00:00+00:00,1.03678,1.0391,1.03674,1.03828,3842.0,False,False,False,104,False,vol_high,True,False,trend_down,2022-11-18 03:00:00+00:00
2022-11-18 04:00:00+00:00,1.03828,1.0383,1.03613,1.03652,3291.0,False,False,False,104,False,vol_high,True,False,trend_down,2022-11-18 04:00:00+00:00
2022-11-18 05:00:00+00:00,1.03652,1.03722,1.0362,1.03718,3334.0,False,False,False,104,False,vol_high,True,False,trend_down,2022-11-18 05:00:00+00:00
2022-11-18 06:00:00+00:00,1.0372,1.0377,1.03598,1.03758,3987.0,False,False,False,104,False,vol_high,True,False,trend_down,2022-11-18 06:00:00+00:00
2022-11-18 07:00:00+00:00,1.03757,1.0386,1.03672,1.03755,6156.0,False,False,False,104,False,vol_high,True,False,trend_down,2022-11-18 07:00:00+00:00
2022-11-18 08:00:00+00:00,1.03754,1.03784,1.03422,1.0357,9095.0,False,False,False,104,False,vol_high,True,False,trend_down,2022-11-18 08:00:00+00:00
2022-11-18 09:00:00+00:00,1.03568,1.03962,1.03486,1.03816,7245.0,False,False,False,104,False,vol_high,True,False,trend_down,2022-11-18 09:00:00+00:00
2022-11-18 10:00:00+00:00,1.03816,1.03818,1.03605,1.03692,5582.0,False,False,False,104,False,vol_high,True,False,trend_down,2022-11-18 10:00:00+00:00
2022-11-18 11:00:00+00:00,1.03691,1.03802,1.03636,1.03664,5902.0,False,False,False,104,False,vol_high,True,False,trend_down,2022-11-18 11:00:00+00:00
2022-11-18 12:00:00+00:00,1.03664,1.03865,1.03582,1.03614,5549.0,False,False,False,104,False,vol_high,True,False,trend_down,2022-11-18 12:00:00+00:00
2022-11-18 13:00:00+00:00,1.03611,1.03868,1.03566,1.03646,8295.0,False,False,False,104,False,vol_high,True,False,trend_down,2022-11-18 13:00:00+00:00
2022-11-18 14:00:00+00:00,1.03648,1.037,1.03302,1.03348,9970.0,False,False,False,104,False,vol_high,True,False,trend_down,2022-11-18 14:00:00+00:00
2022-11-18 15:00:00+00:00,1.03346,1.03678,1.03262,1.03644,9120.0,False,False,False,104,False,vol_high,True,False,trend_down,2022-11-18 15:00:00+00:00
2022-11-18 16:00:00+00:00,1.03644,1.03718,1.03422,1.03483,6113.0,False,False,False,104,False,vol_high,True,False,trend_down,2022-11-18 16:00:00+00:00
2022-11-18 17:00:00+00:00,1.03484,1.03494,1.03303,1.03334,5175.0,False,False,False,104,False,vol_high,True,False,trend_down,2022-11-18 17:00:00+00:00
2022-11-18 18:00:00+00:00,1.03334,1.03373,1.03258,1.03312,4043.0,False,False,False,104,False,vol_high,True,False,trend_down,2022-11-18 18:00:00+00:00
2022-11-18 19:00:00+00:00,1.0331,1.03339,1.03201,1.03278,3254.0,False,False,False,104,False,vol_high,True,False,trend_down,2022-11-18 19:00:00+00:00
2022-11-18 20:00:00+00:00,1.0328,1.03332,1.03218,1.0325,3762.0,False,False,False,104,False,vol_high,True,False,trend_up,2022-11-18 20:00:00+00:00
2022-11-18 21:00:00+00:00,1.0325,1.03268,1.03138,1.03223,2311.0,False,False,False,104,False,vol_high,True,False,trend_up,2022-11-18 21:00:00+00:00
2022-11-20 22:00:00+00:00,1.03253,1.03262,1.03234,1.03252,250.0,False,False,False,105,True,vol_high,True,False,trend_up,2022-11-20 22:00:00+00:00
2022-11-20 23:00:00+00:00,1.03254,1.03334,1.03246,1.03308,3049.0,False,False,False,105,False,vol_high,True,False,trend_up,2022-11-20 23:00:00+00:00
2022-11-21 00:00:00+00:00,1.03308,1.03332,1.03112,1.0316,3786.0,False,False,False,105,False,vol_high,True,False,trend_up,2022-11-21 00:00:00+00:00
2022-11-21 01:00:00+00:00,1.03162,1.03188,1.03004,1.03118,5627.0,False,False,False,105,False,vol_high,True,False,trend_up,2022-11-21 01:00:00+00:00
2022-11-21 02:00:00+00:00,1.03118,1.0312,1.02882,1.02884,4717.0,False,False,False,105,False,vol_high,True,False,trend_down,2022-11-21 02:00:00+00:00
2022-11-21 03:00:00+00:00,1.02886,1.03026,1.02882,1.03016,2980.0,False,False,False,105,False,vol_high,True,False,trend_up,2022-11-21 03:00:00+00:00
2022-11-21 04:00:00+00:00,1.03016,1.03038,1.02768,1.02813,3650.0,False,False,False,105,False,vol_high,True,False,trend_down,2022-11-21 04:00:00+00:00
2022-11-21 05:00:00+00:00,1.02815,1.02836,1.02723,1.02824,4685.0,False,False,False,105,False,vol_high,True,False,trend_down,2022-11-21 05:00:00+00:00
2022-11-21 06:00:00+00:00,1.02828,1.02872,1.02575,1.02592,5359.0,False,False,False,105,False,vol_high,True,False,trend_down,2022-11-21 06:00:00+00:00
2022-11-21 07:00:00+00:00,1.02596,1.02736,1.02502,1.02553,6374.0,False,False,False,105,False,vol_high,True,False,trend_down,2022-11-21 07:00:00+00:00
2022-11-21 08:00:00+00:00,1.02553,1.02734,1.02512,1.02548,7730.0,False,False,False,105,False,vol_high,True,False,trend_down,2022-11-21 08:00:00+00:00
2022-11-21 09:00:00+00:00,1.02549,1.02592,1.02262,1.02268,7384.0,False,False,False,105,False,vol_high,True,False,trend_down,2022-11-21 09:00:00+00:00
2022-11-21 10:00:00+00:00,1.0227,1.02434,1.02264,1.02402,5812.0,False,False,False,105,False,vol_high,True,False,trend_down,2022-11-21 10:00:00+00:00
2022-11-21 11:00:00+00:00,1.024,1.02464,1.02324,1.02346,5026.0,False,False,False,105,False,vol_high,True,False,trend_down,2022-11-21 11:00:00+00:00
2022-11-21 12:00:00+00:00,1.02348,1.02447,1.02282,1.02398,6528.0,False,False,False,105,False,vol_high,True,False,trend_down,2022-11-21 12:00:00+00:00
2022-11-21 13:00:00+00:00,1.024,1.02562,1.02326,1.02544,7104.0,False,False,False,105,False,vol_high,True,False,trend_down,2022-11-21 13:00:00+00:00
2022-11-21 14:00:00+00:00,1.02546,1.02566,1.02388,1.0256,8604.0,False,False,False,105,False,vol_high,True,False,trend_up,2022-11-21 14:00:00+00:00
2022-11-21 15:00:00+00:00,1.0256,1.02628,1.02394,1.02397,7894.0,False,False,False,105,False,vol_high,True,False,trend_up,2022-11-21 15:00:00+00:00
2022-11-21 16:00:00+00:00,1.02398,1.02507,1.0232,1.02374,5588.0,False,False,False,105,False,vol_high,True,False,trend_up,2022-11-21 16:00:00+00:00
2022-11-21 17:00:00+00:00,1.02376,1.0238,1.02227,1.02326,4980.0,False,False,False,105,False,vol_high,True,False,trend_up,2022-11-21 17:00:00+00:00
2022-11-21 18:00:00+00:00,1.02324,1.02438,1.02304,1.0235,3685.0,False,False,False,105,False,vol_high,True,False,trend_up,2022-11-21 18:00:00+00:00
2022-11-21 19:00:00+00:00,1.0235,1.02485,1.0235,1.02396,3904.0,False,False,False,105,False,vol_high,True,False,trend_up,2022-11-21 19:00:00+00:00
2022-11-21 20:00:00+00:00,1.02394,1.02465,1.02324,1.0242,4255.0,False,False,False,105,False,vol_high,True,False,trend_up,2022-11-21 20:00:00+00:00
2022-11-21 21:00:00+00:00,1.02423,1.02427,1.02372,1.02416,1896.0,False,False,False,105,False,vol_high,True,False,trend_up,2022-11-21 21:00:00+00:00
2022-11-21 22:00:00+00:00,1.02444,1.02444,1.02389,1.02426,1578.0,False,False,False,105,False,vol_high,True,False,trend_up,2022-11-21 22:00:00+00:00
2022-11-21 23:00:00+00:00,1.02426,1.02467,1.02403,1.02454,1803.0,False,False,False,105,False,vol_high,True,False,trend_up,2022-11-21 23:00:00+00:00
2022-11-22 00:00:00+00:00,1.02454,1.0255,1.02421,1.02536,3508.0,False,False,False,105,False,vol_high,True,False,trend_up,2022-11-22 00:00:00+00:00
2022-11-22 01:00:00+00:00,1.02534,1.02684,1.02514,1.02608,4154.0,False,False,False,105,False,vol_high,True,False,trend_up,2022-11-22 01:00:00+00:00
2022-11-22 02:00:00+00:00,1.02607,1.02662,1.02582,1.02649,4002.0,False,False,False,105,False,vol_high,True,False,trend_up,2022-11-22 02:00:00+00:00
2022-11-22 03:00:00+00:00,1.02651,1.02677,1.02603,1.02615,2598.0,False,False,False,105,False,vol_high,True,False,trend_up,2022-11-22 03:00:00+00:00
2022-11-22 04:00:00+00:00,1.02614,1.0263,1.02578,1.02606,2386.0,False,False,False,105,False,vol_high,True,False,trend_up,2022-11-22 04:00:00+00:00
2022-11-22 05:00:00+00:00,1.02608,1.02616,1.02458,1.02537,3488.0,False,False,False,105,False,vol_normal,False,False,trend_up,2022-11-22 05:00:00+00:00
2022-11-22 06:00:00+00:00,1.02536,1.02596,1.02467,1.02474,3618.0,False,False,False,105,False,vol_normal,False,False,trend_up,2022-11-22 06:00:00+00:00
2022-11-22 07:00:00+00:00,1.02476,1.0268,1.02462,1.0266,4386.0,False,False,False,105,False,vol_normal,False,False,trend_up,2022-11-22 07:00:00+00:00
2022-11-22 08:00:00+00:00,1.02664,1.02816,1.02537,1.02716,7564.0,False,False,False,105,False,vol_normal,False,False,trend_up,2022-11-22 08:00:00+00:00
2022-11-22 09:00:00+00:00,1.02718,1.02864,1.02618,1.02688,6980.0,False,False,False,105,False,vol_normal,False,False,trend_up,2022-11-22 09:00:00+00:00
2022-11-22 10:00:00+00:00,1.02686,1.02902,1.0267,1.02804,4385.0,False,False,False,105,False,vol_normal,False,False,trend_up,2022-11-22 10:00:00+00:00
2022-11-22 11:00:00+00:00,1.02805,1.0291,1.02617,1.02702,5727.0,False,False,False,105,False,vol_normal,False,False,trend_up,2022-11-22 11:00:00+00:00
2022-11-22 12:00:00+00:00,1.02702,1.02717,1.0256,1.02715,5665.0,False,False,False,105,False,vol_normal,False,False,trend_up,2022-11-22 12:00:00+00:00
2022-11-22 13:00:00+00:00,1.02714,1.02768,1.02596,1.02605,7017.0,False,False,False,105,False,vol_normal,False,False,trend_up,2022-11-22 13:00:00+00:00
2022-11-22 14:00:00+00:00,1.02611,1.02696,1.02542,1.02654,7490.0,False,False,False,105,False,vol_normal,False,False,trend_up,2022-11-22 14:00:00+00:00
2022-11-22 15:00:00+00:00,1.02648,1.02886,1.02636,1.02833,7975.0,False,False,False,105,False,vol_normal,False,False,trend_up,2022-11-22 15:00:00+00:00
2022-11-22 16:00:00+00:00,1.02834,1.02848,1.02669,1.0275,5472.0,False,False,False,105,False,vol_normal,False,False,trend_up,2022-11-22 16:00:00+00:00
2022-11-22 17:00:00+00:00,1.0275,1.0296,1.02714,1.02958,3339.0,False,False,False,105,False,vol_normal,False,False,trend_up,2022-11-22 17:00:00+00:00
2022-11-22 18:00:00+00:00,1.02957,1.03082,1.02896,1.03052,3073.0,False,False,False,105,False,vol_normal,False,False,trend_down,2022-11-22 18:00:00+00:00
2022-11-22 19:00:00+00:00,1.03055,1.03057,1.02906,1.02956,2481.0,False,False,False,105,False,vol_normal,False,False,trend_up,2022-11-22 19:00:00+00:00
2022-11-22 20:00:00+00:00,1.02954,1.03045,1.02938,1.03006,2742.0,False,False,False,105,False,vol_normal,False,False,trend_up,2022-11-22 20:00:00+00:00
2022-11-22 21:00:00+00:00,1.03004,1.03062,1.0299,1.03026,1883.0,False,False,False,105,False,vol_normal,False,False,trend_up,2022-11-22 21:00:00+00:00
2022-11-22 22:00:00+00:00,1.03035,1.03062,1.03018,1.03041,528.0,False,False,False,105,False,vol_normal,False,False,trend_up,2022-11-22 22:00:00+00:00
2022-11-22 23:00:00+00:00,1.03042,1.03109,1.03024,1.03108,1901.0,False,False,False,105,False,vol_normal,False,False,trend_down,2022-11-22 23:00:00+00:00
2022-11-23 00:00:00+00:00,1.03109,1.03214,1.0304,1.03055,1942.0,False,False,False,105,False,vol_high,True,False,trend_down,2022-11-23 00:00:00+00:00
2022-11-23 01:00:00+00:00,1.03057,1.03137,1.03004,1.03111,4462.0,False,False,False,105,False,vol_normal,False,False,trend_down,2022-11-23 01:00:00+00:00
2022-11-23 02:00:00+00:00,1.0311,1.03249,1.03082,1.0324,2708.0,False,False,False,105,False,vol_normal,False,False,trend_down,2022-11-23 02:00:00+00:00
2022-11-23 03:00:00+00:00,1.0324,1.0324,1.0312,1.03157,2285.0,False,False,False,105,False,vol_high,True,False,trend_down,2022-11-23 03:00:00+00:00
2022-11-23 04:00:00+00:00,1.03155,1.03172,1.03102,1.0317,1743.0,False,False,False,105,False,vol_high,True,False,trend_down,2022-11-23 04:00:00+00:00
2022-11-23 05:00:00+00:00,1.03169,1.03312,1.03142,1.03275,2751.0,False,False,False,105,False,vol_high,True,False,trend_down,2022-11-23 05:00:00+00:00
2022-11-23 06:00:00+00:00,1.03275,1.03362,1.03221,1.03314,2720.0,False,False,False,105,False,vol_high,True,False,trend_down,2022-11-23 06:00:00+00:00
2022-11-23 07:00:00+00:00,1.03312,1.03488,1.03281,1.03432,5291.0,False,False,False,105,False,vol_high,True,False,trend_down,2022-11-23 07:00:00+00:00
2022-11-23 08:00:00+00:00,1.03428,1.03428,1.03108,1.03138,6955.0,False,False,False,105,False,vol_high,True,False,trend_up,2022-11-23 08:00:00+00:00
2022-11-23 09:00:00+00:00,1.0314,1.03267,1.03021,1.03253,5945.0,False,False,False,105,False,vol_high,True,False,trend_up,2022-11-23 09:00:00+00:00
2022-11-23 10:00:00+00:00,1.0325,1.0325,1.02966,1.0312,4541.0,False,False,False,105,False,vol_high,True,False,trend_up,2022-11-23 10:00:00+00:00
2022-11-23 11:00:00+00:00,1.03118,1.03251,1.03076,1.03198,3822.0,False,False,False,105,False,vol_high,True,False,trend_up,2022-11-23 11:00:00+00:00
2022-11-23 12:00:00+00:00,1.03204,1.03296,1.0315,1.03234,5069.0,False,False,False,105,False,vol_high,True,False,trend_up,2022-11-23 12:00:00+00:00
2022-11-23 13:00:00+00:00,1.03232,1.03406,1.03174,1.0332,9894.0,False,False,False,105,False,vol_high,True,False,trend_up,2022-11-23 13:00:00+00:00
2022-11-23 14:00:00+00:00,1.0332,1.03754,1.03268,1.03686,11523.0,False,False,False,105,False,vol_high,True,False,trend_down,2022-11-23 14:00:00+00:00
2022-11-23 15:00:00+00:00,1.03696,1.0384,1.03438,1.03764,12807.0,False,False,False,105,False,vol_high,True,False,trend_down,2022-11-23 15:00:00+00:00
2022-11-23 16:00:00+00:00,1.03766,1.03788,1.03554,1.03636,6761.0,False,False,False,105,False,vol_high,True,False,trend_down,2022-11-23 16:00:00+00:00
2022-11-23 17:00:00+00:00,1.03634,1.03736,1.03568,1.0364,4513.0,False,False,False,105,False,vol_high,True,False,trend_down,2022-11-23 17:00:00+00:00
2022-11-23 18:00:00+00:00,1.03638,1.03794,1.03594,1.03754,3977.0,False,False,False,105,False,vol_high,True,False,trend_down,2022-11-23 18:00:00+00:00
2022-11-23 19:00:00+00:00,1.03754,1.04052,1.03672,1.04008,12718.0,False,False,False,105,False,vol_high,True,False,trend_down,2022-11-23 19:00:00+00:00
2022-11-23 20:00:00+00:00,1.0401,1.04034,1.03914,1.04026,5680.0,False,False,False,105,False,vol_high,True,False,trend_down,2022-11-23 20:00:00+00:00
2022-11-23 21:00:00+00:00,1.04029,1.04034,1.03934,1.03954,1983.0,False,False,False,105,False,vol_high,True,False,trend_down,2022-11-23 21:00:00+00:00
2022-11-23 22:00:00+00:00,1.03992,1.04012,1.03932,1.03958,1315.0,False,False,False,105,False,vol_high,True,False,trend_down,2022-11-23 22:00:00+00:00
2022-11-23 23:00:00+00:00,1.03971,1.04193,1.03971,1.0418,3108.0,False,False,False,105,False,vol_high,True,False,trend_down,2022-11-23 23:00:00+00:00
2022-11-24 00:00:00+00:00,1.04182,1.04192,1.04052,1.04152,3235.0,False,False,False,105,False,vol_high,True,False,trend_down,2022-11-24 00:00:00+00:00
2022-11-24 01:00:00+00:00,1.04152,1.04252,1.04113,1.04236,4502.0,False,False,False,105,False,vol_high,True,False,trend_down,2022-11-24 01:00:00+00:00
2022-11-24 02:00:00+00:00,1.04235,1.04356,1.04177,1.0432,3092.0,False,False,False,105,False,vol_high,True,False,trend_down,2022-11-24 02:00:00+00:00
2022-11-24 03:00:00+00:00,1.04322,1.0448,1.04306,1.0446,2935.0,False,False,False,105,False,vol_high,True,False,trend_down,2022-11-24 03:00:00+00:00
2022-11-24 04:00:00+00:00,1.0446,1.04485,1.0432,1.04464,2366.0,False,False,False,105,False,vol_high,True,False,trend_down,2022-11-24 04:00:00+00:00
2022-11-24 05:00:00+00:00,1.04465,1.04469,1.04335,1.0434,3043.0,False,False,False,105,False,vol_high,True,False,trend_down,2022-11-24 05:00:00+00:00
2022-11-24 06:00:00+00:00,1.0434,1.04389,1.04296,1.04305,3858.0,False,False,False,105,False,vol_high,True,False,trend_down,2022-11-24 06:00:00+00:00
2022-11-24 07:00:00+00:00,1.04306,1.04397,1.04152,1.04162,5384.0,False,False,False,105,False,vol_high,True,False,trend_down,2022-11-24 07:00:00+00:00
2022-11-24 08:00:00+00:00,1.0416,1.0421,1.04002,1.04062,6364.0,False,False,False,105,False,vol_high,True,False,trend_down,2022-11-24 08:00:00+00:00
2022-11-24 09:00:00+00:00,1.04063,1.04256,1.04062,1.04195,5409.0,False,False,False,105,False,vol_high,True,False,trend_down,2022-11-24 09:00:00+00:00
2022-11-24 10:00:00+00:00,1.04194,1.04293,1.03927,1.04055,6194.0,False,False,False,105,False,vol_high,True,False,trend_down,2022-11-24 10:00:00+00:00
2022-11-24 11:00:00+00:00,1.04059,1.04088,1.03818,1.04048,5751.0,False,False,False,105,False,vol_high,True,False,trend_down,2022-11-24 11:00:00+00:00
2022-11-24 12:00:00+00:00,1.04048,1.04144,1.0398,1.04122,5310.0,False,False,False,105,False,vol_high,True,False,trend_down,2022-11-24 12:00:00+00:00
2022-11-24 13:00:00+00:00,1.0412,1.04257,1.0408,1.04229,5613.0,False,False,False,105,False,vol_high,True,False,trend_down,2022-11-24 13:00:00+00:00
2022-11-24 14:00:00+00:00,1.04232,1.04276,1.04159,1.04222,5272.0,False,False,False,105,False,vol_high,True,False,trend_down,2022-11-24 14:00:00+00:00
2022-11-24 15:00:00+00:00,1.04224,1.04238,1.04042,1.04096,4779.0,False,False,False,105,False,vol_high,True,False,trend_down,2022-11-24 15:00:00+00:00
2022-11-24 16:00:00+00:00,1.04096,1.04146,1.04021,1.04072,3245.0,False,False,False,105,False,vol_high,True,False,trend_down,2022-11-24 16:00:00+00:00
2022-11-24 17:00:00+00:00,1.04072,1.04098,1.04018,1.04092,1783.0,False,False,False,105,False,vol_high,True,False,trend_down,2022-11-24 17:00:00+00:00
2022-11-24 18:00:00+00:00,1.04092,1.04105,1.04012,1.04056,670.0,False,False,False,105,False,vol_high,True,False,trend_down,2022-11-24 18:00:00+00:00
2022-11-24 19:00:00+00:00,1.04059,1.04136,1.04041,1.04136,862.0,False,False,False,105,False,vol_normal,False,False,trend_down,2022-11-24 19:00:00+00:00
2022-11-24 20:00:00+00:00,1.04136,1.04143,1.0406,1.04137,1553.0,False,False,False,105,False,vol_normal,False,False,trend_down,2022-11-24 20:00:00+00:00
2022-11-24 21:00:00+00:00,1.04136,1.04136,1.04083,1.04118,1444.0,False,False,False,105,False,vol_normal,False,False,trend_down,2022-11-24 21:00:00+00:00
2022-11-24 22:00:00+00:00,1.0411,1.04119,1.04072,1.04086,388.0,False,False,False,105,False,vol_normal,False,False,trend_down,2022-11-24 22:00:00+00:00
2022-11-24 23:00:00+00:00,1.04085,1.04098,1.04066,1.04076,1254.0,False,False,False,105,False,vol_normal,False,False,trend_down,2022-11-24 23:00:00+00:00
2022-11-25 00:00:00+00:00,1.04076,1.04115,1.03962,1.04057,3238.0,False,False,False,105,False,vol_normal,False,False,trend_down,2022-11-25 00:00:00+00:00
2022-11-25 01:00:00+00:00,1.0406,1.04153,1.04036,1.04095,3813.0,False,False,False,105,False,vol_normal,False,False,trend_down,2022-11-25 01:00:00+00:00
2022-11-25 02:00:00+00:00,1.04095,1.04158,1.04083,1.04112,3256.0,False,False,False,105,False,vol_normal,False,False,trend_down,2022-11-25 02:00:00+00:00
2022-11-25 03:00:00+00:00,1.04111,1.04184,1.04046,1.04164,2434.0,False,False,False,105,False,vol_normal,False,False,trend_down,2022-11-25 03:00:00+00:00
2022-11-25 04:00:00+00:00,1.04163,1.04293,1.04162,1.04216,3003.0,False,False,False,105,False,vol_normal,False,False,trend_down,2022-11-25 04:00:00+00:00
2022-11-25 05:00:00+00:00,1.04218,1.04224,1.04074,1.04112,2659.0,False,False,False,105,False,vol_normal,False,False,trend_down,2022-11-25 05:00:00+00:00
2022-11-25 06:00:00+00:00,1.04112,1.04236,1.04074,1.04202,3175.0,False,False,False,105,False,vol_normal,False,False,trend_down,2022-11-25 06:00:00+00:00
2022-11-25 07:00:00+00:00,1.04206,1.04226,1.04088,1.04092,4937.0,False,False,False,105,False,vol_normal,False,False,trend_down,2022-11-25 07:00:00+00:00
2022-11-25 08:00:00+00:00,1.04092,1.04282,1.04078,1.04226,6487.0,False,False,False,105,False,vol_normal,False,False,trend_down,2022-11-25 08:00:00+00:00
2022-11-25 09:00:00+00:00,1.04222,1.04282,1.03824,1.03935,7079.0,False,False,False,105,False,vol_high,True,False,trend_down,2022-11-25 09:00:00+00:00
2022-11-25 10:00:00+00:00,1.03936,1.04217,1.03913,1.04148,4768.0,False,False,False,105,False,vol_high,True,False,trend_down,2022-11-25 10:00:00+00:00
2022-11-25 11:00:00+00:00,1.04148,1.04148,1.03889,1.03901,4229.0,False,False,False,105,False,vol_high,True,False,trend_down,2022-11-25 11:00:00+00:00
2022-11-25 12:00:00+00:00,1.039,1.03976,1.03759,1.03788,5618.0,False,False,False,105,False,vol_high,True,False,trend_down,2022-11-25 12:00:00+00:00
2022-11-25 13:00:00+00:00,1.03788,1.03835,1.03612,1.03728,7681.0,False,False,False,105,False,vol_high,True,False,trend_down,2022-11-25 13:00:00+00:00
2022-11-25 14:00:00+00:00,1.03729,1.03888,1.03548,1.03816,7575.0,False,False,False,105,False,vol_high,True,False,trend_down,2022-11-25 14:00:00+00:00
2022-11-25 15:00:00+00:00,1.03816,1.04072,1.03766,1.04068,6460.0,False,False,False,105,False,vol_high,True,False,trend_down,2022-11-25 15:00:00+00:00
2022-11-25 16:00:00+00:00,1.04067,1.04116,1.03916,1.04012,6012.0,False,False,False,105,False,vol_high,True,False,trend_down,2022-11-25 16:00:00+00:00
2022-11-25 17:00:00+00:00,1.04012,1.04094,1.03985,1.0406,4049.0,False,False,False,105,False,vol_high,True,False,trend_down,2022-11-25 17:00:00+00:00
2022-11-25 18:00:00+00:00,1.0406,1.04062,1.0397,1.04016,3734.0,False,False,False,105,False,vol_high,True,False,trend_down,2022-11-25 18:00:00+00:00
2022-11-25 19:00:00+00:00,1.04016,1.04146,1.03995,1.04116,5686.0,False,False,False,105,False,vol_high,True,False,trend_down,2022-11-25 19:00:00+00:00
2022-11-25 20:00:00+00:00,1.04116,1.04144,1.0409,1.0409,2497.0,False,False,False,105,False,vol_high,True,False,trend_down,2022-11-25 20:00:00+00:00
2022-11-25 21:00:00+00:00,1.0409,1.04108,1.03862,1.03965,1446.0,False,False,False,105,False,vol_high,True,False,trend_down,2022-11-25 21:00:00+00:00
2022-11-27 22:00:00+00:00,1.03769,1.03804,1.03705,1.03767,2012.0,False,False,False,106,True,vol_high,True,False,trend_down,2022-11-27 22:00:00+00:00
2022-11-27 23:00:00+00:00,1.03775,1.03814,1.03656,1.03672,3090.0,False,False,False,106,False,vol_high,True,False,trend_down,2022-11-27 23:00:00+00:00
2022-11-28 00:00:00+00:00,1.03674,1.0384,1.03658,1.03784,4101.0,False,False,False,106,False,vol_high,True,False,trend_up,2022-11-28 00:00:00+00:00
2022-11-28 01:00:00+00:00,1.03788,1.03806,1.03412,1.03484,6063.0,False,False,False,106,False,vol_high,True,False,trend_up,2022-11-28 01:00:00+00:00
2022-11-28 02:00:00+00:00,1.03486,1.0365,1.03434,1.0361,5574.0,False,False,False,106,False,vol_high,True,False,trend_up,2022-11-28 02:00:00+00:00
2022-11-28 03:00:00+00:00,1.0361,1.03615,1.03512,1.0355,2712.0,False,False,False,106,False,vol_high,True,False,trend_up,2022-11-28 03:00:00+00:00
2022-11-28 04:00:00+00:00,1.0355,1.03631,1.03515,1.03622,2745.0,False,False,False,106,False,vol_high,True,False,trend_up,2022-11-28 04:00:00+00:00
2022-11-28 05:00:00+00:00,1.03622,1.03624,1.0347,1.03508,3192.0,False,False,False,106,False,vol_high,True,False,trend_up,2022-11-28 05:00:00+00:00
2022-11-28 06:00:00+00:00,1.0351,1.03754,1.03482,1.03718,4638.0,False,False,False,106,False,vol_high,True,False,trend_up,2022-11-28 06:00:00+00:00
2022-11-28 07:00:00+00:00,1.03721,1.03852,1.03704,1.0374,6185.0,False,False,False,106,False,vol_high,True,False,trend_up,2022-11-28 07:00:00+00:00
2022-11-28 08:00:00+00:00,1.0374,1.04407,1.03676,1.0439,11018.0,False,True,False,106,False,vol_high,True,False,trend_down,2022-11-28 08:00:00+00:00
2022-11-28 09:00:00+00:00,1.04386,1.04568,1.0433,1.04478,8932.0,False,False,False,106,False,vol_high,True,False,trend_down,2022-11-28 09:00:00+00:00
2022-11-28 10:00:00+00:00,1.0448,1.0482,1.0439,1.04742,7234.0,False,False,False,106,False,vol_high,True,False,trend_down,2022-11-28 10:00:00+00:00
2022-11-28 11:00:00+00:00,1.04742,1.04968,1.04722,1.04744,8064.0,False,False,False,106,False,vol_high,True,False,trend_down,2022-11-28 11:00:00+00:00
2022-11-28 12:00:00+00:00,1.04747,1.04774,1.04588,1.04732,7654.0,False,False,False,106,False,vol_high,True,False,trend_down,2022-11-28 12:00:00+00:00
2022-11-28 13:00:00+00:00,1.0473,1.04769,1.04442,1.0463,8260.0,False,False,False,106,False,vol_high,True,False,trend_down,2022-11-28 13:00:00+00:00
2022-11-28 14:00:00+00:00,1.0463,1.0463,1.0422,1.04301,11073.0,False,False,False,106,False,vol_high,True,False,trend_down,2022-11-28 14:00:00+00:00
2022-11-28 15:00:00+00:00,1.04299,1.04339,1.0391,1.03984,11507.0,False,False,False,106,False,vol_high,True,False,trend_down,2022-11-28 15:00:00+00:00
2022-11-28 16:00:00+00:00,1.0398,1.04024,1.03762,1.03853,8138.0,False,False,False,106,False,vol_high,True,False,trend_up,2022-11-28 16:00:00+00:00
2022-11-28 17:00:00+00:00,1.03852,1.03886,1.03685,1.03698,7724.0,False,False,False,106,False,vol_high,True,False,trend_up,2022-11-28 17:00:00+00:00
2022-11-28 18:00:00+00:00,1.03698,1.03732,1.03561,1.03614,5439.0,False,False,False,106,False,vol_high,True,False,trend_up,2022-11-28 18:00:00+00:00
2022-11-28 19:00:00+00:00,1.03614,1.03638,1.03372,1.03378,3750.0,False,False,False,106,False,vol_high,True,False,trend_up,2022-11-28 19:00:00+00:00
2022-11-28 20:00:00+00:00,1.03382,1.03406,1.03302,1.03356,3942.0,False,False,False,106,False,vol_high,True,False,trend_up,2022-11-28 20:00:00+00:00
2022-11-28 21:00:00+00:00,1.03357,1.03425,1.03338,1.03406,2021.0,False,False,False,106,False,vol_high,True,False,trend_up,2022-11-28 21:00:00+00:00
2022-11-28 22:00:00+00:00,1.03398,1.03436,1.0337,1.03424,2266.0,False,False,False,106,False,vol_high,True,False,trend_up,2022-11-28 22:00:00+00:00
2022-11-28 23:00:00+00:00,1.03427,1.03469,1.03396,1.03434,1996.0,False,False,False,106,False,vol_high,True,False,trend_up,2022-11-28 23:00:00+00:00
2022-11-29 00:00:00+00:00,1.03436,1.03506,1.03395,1.03404,2805.0,False,False,False,106,False,vol_high,True,False,trend_up,2022-11-29 00:00:00+00:00
2022-11-29 01:00:00+00:00,1.03406,1.03628,1.03341,1.03598,5981.0,False,False,False,106,False,vol_high,True,False,trend_up,2022-11-29 01:00:00+00:00
2022-11-29 02:00:00+00:00,1.03596,1.0362,1.03485,1.0349,3678.0,False,False,False,106,False,vol_high,True,False,trend_up,2022-11-29 02:00:00+00:00
2022-11-29 03:00:00+00:00,1.0349,1.03833,1.03472,1.03788,5483.0,False,False,False,106,False,vol_high,True,False,trend_up,2022-11-29 03:00:00+00:00
2022-11-29 04:00:00+00:00,1.03788,1.03946,1.0375,1.0393,3466.0,False,False,False,106,False,vol_high,True,False,trend_down,2022-11-29 04:00:00+00:00
2022-11-29 05:00:00+00:00,1.0393,1.03932,1.038,1.03868,3416.0,False,False,False,106,False,vol_high,True,False,trend_down,2022-11-29 05:00:00+00:00
2022-11-29 06:00:00+00:00,1.03871,1.03897,1.03522,1.03591,5376.0,False,False,False,106,False,vol_high,True,False,trend_down,2022-11-29 06:00:00+00:00
2022-11-29 07:00:00+00:00,1.03589,1.03876,1.03532,1.03814,8144.0,False,False,False,106,False,vol_high,True,False,trend_down,2022-11-29 07:00:00+00:00
2022-11-29 08:00:00+00:00,1.03806,1.03928,1.0351,1.03832,8639.0,False,False,False,106,False,vol_high,True,False,trend_down,2022-11-29 08:00:00+00:00
2022-11-29 09:00:00+00:00,1.0383,1.03874,1.03561,1.03648,7453.0,False,False,False,106,False,vol_high,True,False,trend_up,2022-11-29 09:00:00+00:00
2022-11-29 10:00:00+00:00,1.03646,1.03936,1.03636,1.03826,5961.0,False,False,False,106,False,vol_high,True,False,trend_down,2022-11-29 10:00:00+00:00
2022-11-29 11:00:00+00:00,1.03826,1.03862,1.03674,1.03826,5356.0,False,False,False,106,False,vol_high,True,False,trend_down,2022-11-29 11:00:00+00:00
2022-11-29 12:00:00+00:00,1.03827,1.03838,1.036,1.03754,6165.0,False,False,False,106,False,vol_high,True,False,trend_down,2022-11-29 12:00:00+00:00
2022-11-29 13:00:00+00:00,1.03756,1.03845,1.03246,1.03302,11171.0,False,False,False,106,False,vol_high,True,False,trend_up,2022-11-29 13:00:00+00:00
2022-11-29 14:00:00+00:00,1.03302,1.03474,1.03257,1.03399,11530.0,False,False,False,106,False,vol_high,True,False,trend_up,2022-11-29 14:00:00+00:00
2022-11-29 15:00:00+00:00,1.034,1.03732,1.03392,1.03562,11791.0,False,False,False,106,False,vol_high,True,False,trend_up,2022-11-29 15:00:00+00:00
2022-11-29 16:00:00+00:00,1.03564,1.03586,1.03312,1.03552,8500.0,False,False,False,106,False,vol_high,True,False,trend_up,2022-11-29 16:00:00+00:00
2022-11-29 17:00:00+00:00,1.0355,1.03553,1.03361,1.03403,6042.0,False,False,False,106,False,vol_high,True,False,trend_up,2022-11-29 17:00:00+00:00
2022-11-29 18:00:00+00:00,1.03402,1.03465,1.03282,1.03379,4945.0,False,False,False,106,False,vol_high,True,False,trend_up,2022-11-29 18:00:00+00:00
2022-11-29 19:00:00+00:00,1.0338,1.03457,1.03224,1.03276,5693.0,False,False,False,106,False,vol_high,True,False,trend_up,2022-11-29 19:00:00+00:00
2022-11-29 20:00:00+00:00,1.03278,1.03309,1.03202,1.03256,4123.0,False,False,False,106,False,vol_high,True,False,trend_up,2022-11-29 20:00:00+00:00
2022-11-29 21:00:00+00:00,1.03255,1.03302,1.03244,1.0329,1515.0,False,False,False,106,False,vol_high,True,False,trend_up,2022-11-29 21:00:00+00:00
2022-11-29 22:00:00+00:00,1.03354,1.03354,1.03259,1.03287,5907.0,False,False,False,106,False,vol_high,True,False,trend_up,2022-11-29 22:00:00+00:00
2022-11-29 23:00:00+00:00,1.03285,1.03306,1.0319,1.03238,1531.0,False,False,False,106,False,vol_high,True,False,trend_up,2022-11-29 23:00:00+00:00
2022-11-30 00:00:00+00:00,1.03242,1.03434,1.03208,1.03432,4448.0,False,False,False,106,False,vol_high,True,False,trend_up,2022-11-30 00:00:00+00:00
2022-11-30 01:00:00+00:00,1.03432,1.03532,1.03358,1.03478,4886.0,False,False,False,106,False,vol_high,True,False,trend_up,2022-11-30 01:00:00+00:00
2022-11-30 02:00:00+00:00,1.03478,1.03522,1.03402,1.0349,3496.0,False,False,False,106,False,vol_high,True,False,trend_up,2022-11-30 02:00:00+00:00
2022-11-30 03:00:00+00:00,1.03488,1.03504,1.03436,1.03482,2616.0,False,False,False,106,False,vol_high,True,False,trend_down,2022-11-30 03:00:00+00:00
2022-11-30 04:00:00+00:00,1.03484,1.03603,1.03483,1.0356,2466.0,False,False,False,106,False,vol_high,True,False,trend_down,2022-11-30 04:00:00+00:00
2022-11-30 05:00:00+00:00,1.03561,1.0361,1.03486,1.03487,3281.0,False,False,False,106,False,vol_high,True,False,trend_down,2022-11-30 05:00:00+00:00
2022-11-30 06:00:00+00:00,1.03488,1.03541,1.03358,1.03426,3702.0,False,False,False,106,False,vol_high,True,False,trend_down,2022-11-30 06:00:00+00:00
2022-11-30 07:00:00+00:00,1.03425,1.03572,1.03392,1.03512,5035.0,False,False,False,106,False,vol_high,True,False,trend_down,2022-11-30 07:00:00+00:00
2022-11-30 08:00:00+00:00,1.03514,1.03704,1.03417,1.03688,6942.0,False,False,False,106,False,vol_high,True,False,trend_down,2022-11-30 08:00:00+00:00
2022-11-30 09:00:00+00:00,1.03682,1.03814,1.03568,1.03586,5805.0,False,False,False,106,False,vol_high,True,False,trend_down,2022-11-30 09:00:00+00:00
2022-11-30 10:00:00+00:00,1.03586,1.038,1.03538,1.0354,5494.0,False,False,False,106,False,vol_high,True,False,trend_down,2022-11-30 10:00:00+00:00
2022-11-30 11:00:00+00:00,1.0354,1.0367,1.03466,1.03592,4886.0,False,False,False,106,False,vol_high,True,False,trend_down,2022-11-30 11:00:00+00:00
2022-11-30 12:00:00+00:00,1.03594,1.03716,1.03562,1.03686,5138.0,False,False,False,106,False,vol_high,True,False,trend_down,2022-11-30 12:00:00+00:00
2022-11-30 13:00:00+00:00,1.03684,1.03922,1.03574,1.03591,11149.0,False,False,False,106,False,vol_high,True,False,trend_up,2022-11-30 13:00:00+00:00
2022-11-30 14:00:00+00:00,1.0359,1.04,1.03582,1.03854,11292.0,False,False,False,106,False,vol_high,True,False,trend_down,2022-11-30 14:00:00+00:00
2022-11-30 15:00:00+00:00,1.03854,1.03882,1.02949,1.02987,15624.0,False,True,False,106,False,vol_high,True,False,trend_up,2022-11-30 15:00:00+00:00
2022-11-30 16:00:00+00:00,1.02986,1.03248,1.02904,1.03218,9758.0,False,False,False,106,False,vol_high,True,False,trend_up,2022-11-30 16:00:00+00:00
2022-11-30 17:00:00+00:00,1.03219,1.03333,1.03047,1.0315,7171.0,False,False,False,106,False,vol_high,True,False,trend_up,2022-11-30 17:00:00+00:00
2022-11-30 18:00:00+00:00,1.0315,1.0379,1.03064,1.03722,14676.0,False,False,False,106,False,vol_high,True,False,trend_up,2022-11-30 18:00:00+00:00
2022-11-30 19:00:00+00:00,1.03716,1.04152,1.03632,1.04138,14987.0,False,False,False,106,False,vol_high,True,False,trend_down,2022-11-30 19:00:00+00:00
2022-11-30 20:00:00+00:00,1.04134,1.04288,1.04058,1.04074,7538.0,False,False,False,106,False,vol_high,True,False,trend_up,2022-11-30 20:00:00+00:00
2022-11-30 21:00:00+00:00,1.04074,1.04089,1.03988,1.04072,3275.0,False,False,False,106,False,vol_high,True,False,trend_up,2022-11-30 21:00:00+00:00
2022-11-30 22:00:00+00:00,1.04082,1.04112,1.04022,1.04088,5049.0,False,False,False,106,False,vol_high,True,False,trend_up,2022-11-30 22:00:00+00:00
2022-11-30 23:00:00+00:00,1.04094,1.04306,1.0409,1.04235,4045.0,False,False,False,106,False,vol_high,True,False,trend_up,2022-11-30 23:00:00+00:00
2022-12-01 00:00:00+00:00,1.04235,1.04396,1.04222,1.04381,5713.0,False,False,False,106,False,vol_high,True,False,trend_up,2022-12-01 00:00:00+00:00
2022-12-01 01:00:00+00:00,1.04383,1.0448,1.04246,1.04262,7163.0,False,False,False,106,False,vol_high,True,False,trend_up,2022-12-01 01:00:00+00:00
2022-12-01 02:00:00+00:00,1.0426,1.04308,1.0419,1.04261,4888.0,False,False,False,106,False,vol_high,True,False,trend_up,2022-12-01 02:00:00+00:00
2022-12-01 03:00:00+00:00,1.04262,1.04329,1.04232,1.0432,3668.0,False,False,False,106,False,vol_high,True,False,trend_up,2022-12-01 03:00:00+00:00
2022-12-01 04:00:00+00:00,1.04318,1.04426,1.04262,1.04394,3020.0,False,False,False,106,False,vol_high,True,False,trend_up,2022-12-01 04:00:00+00:00
2022-12-01 05:00:00+00:00,1.04393,1.04515,1.0438,1.04458,5300.0,False,False,False,106,False,vol_high,True,False,trend_up,2022-12-01 05:00:00+00:00
2022-12-01 06:00:00+00:00,1.04455,1.04564,1.04408,1.04562,4350.0,False,False,False,106,False,vol_high,True,False,trend_up,2022-12-01 06:00:00+00:00
2022-12-01 07:00:00+00:00,1.04566,1.04641,1.03944,1.04036,9435.0,False,False,False,106,False,vol_high,True,False,trend_up,2022-12-01 07:00:00+00:00
2022-12-01 08:00:00+00:00,1.04038,1.04465,1.03933,1.04442,10550.0,False,False,False,106,False,vol_high,True,False,trend_up,2022-12-01 08:00:00+00:00
2022-12-01 09:00:00+00:00,1.04444,1.04469,1.04269,1.04416,7457.0,False,False,False,106,False,vol_high,True,False,trend_up,2022-12-01 09:00:00+00:00
2022-12-01 10:00:00+00:00,1.04418,1.045,1.04184,1.04202,6369.0,False,False,False,106,False,vol_high,True,False,trend_up,2022-12-01 10:00:00+00:00
2022-12-01 11:00:00+00:00,1.042,1.04407,1.04178,1.04376,5347.0,False,False,False,106,False,vol_high,True,False,trend_up,2022-12-01 11:00:00+00:00
2022-12-01 12:00:00+00:00,1.04376,1.04548,1.04362,1.04448,6405.0,False,False,False,106,False,vol_high,True,False,trend_up,2022-12-01 12:00:00+00:00
2022-12-01 13:00:00+00:00,1.04447,1.05138,1.04348,1.04894,13933.0,False,False,False,106,False,vol_high,True,False,trend_up,2022-12-01 13:00:00+00:00
2022-12-01 14:00:00+00:00,1.04898,1.05292,1.04848,1.05232,13835.0,False,False,False,106,False,vol_high,True,False,trend_up,2022-12-01 14:00:00+00:00
2022-12-01 15:00:00+00:00,1.0526,1.0534,1.04714,1.04874,18957.0,False,False,False,106,False,vol_high,True,False,trend_up,2022-12-01 15:00:00+00:00
2022-12-01 16:00:00+00:00,1.04874,1.05088,1.04821,1.04972,10493.0,False,False,False,106,False,vol_high,True,False,trend_up,2022-12-01 16:00:00+00:00
2022-12-01 17:00:00+00:00,1.04972,1.05127,1.04695,1.05072,8356.0,False,False,False,106,False,vol_high,True,False,trend_up,2022-12-01 17:00:00+00:00
2022-12-01 18:00:00+00:00,1.05072,1.05192,1.05028,1.05078,6380.0,False,False,False,106,False,vol_high,True,False,trend_up,2022-12-01 18:00:00+00:00
2022-12-01 19:00:00+00:00,1.05076,1.05202,1.04962,1.05186,5954.0,False,False,False,106,False,vol_high,True,False,trend_up,2022-12-01 19:00:00+00:00
2022-12-01 20:00:00+00:00,1.05188,1.05304,1.05122,1.05242,4840.0,False,False,False,106,False,vol_high,True,False,trend_up,2022-12-01 20:00:00+00:00
2022-12-01 21:00:00+00:00,1.05239,1.05292,1.05218,1.0526,2002.0,False,False,False,106,False,vol_high,True,False,trend_up,2022-12-01 21:00:00+00:00
2022-12-01 22:00:00+00:00,1.0523,1.05258,1.05206,1.05234,3999.0,False,False,False,106,False,vol_high,True,False,trend_up,2022-12-01 22:00:00+00:00
2022-12-01 23:00:00+00:00,1.05228,1.05396,1.052,1.0528,2920.0,False,False,False,106,False,vol_high,True,False,trend_up,2022-12-01 23:00:00+00:00
2022-12-02 00:00:00+00:00,1.0528,1.0528,1.05073,1.05102,3808.0,False,False,False,106,False,vol_high,True,False,trend_up,2022-12-02 00:00:00+00:00
2022-12-02 01:00:00+00:00,1.051,1.05174,1.05066,1.05135,3981.0,False,False,False,106,False,vol_high,True,False,trend_up,2022-12-02 01:00:00+00:00
2022-12-02 02:00:00+00:00,1.05137,1.05171,1.05052,1.0512,4586.0,False,False,False,106,False,vol_high,True,False,trend_up,2022-12-02 02:00:00+00:00
2022-12-02 03:00:00+00:00,1.05119,1.0526,1.051,1.05248,3273.0,False,False,False,106,False,vol_high,True,False,trend_down,2022-12-02 03:00:00+00:00
2022-12-02 04:00:00+00:00,1.05247,1.05262,1.05166,1.05236,2707.0,False,False,False,106,False,vol_high,True,False,trend_up,2022-12-02 04:00:00+00:00
2022-12-02 05:00:00+00:00,1.05234,1.05286,1.05182,1.05232,3523.0,False,False,False,106,False,vol_high,True,False,trend_up,2022-12-02 05:00:00+00:00
2022-12-02 06:00:00+00:00,1.05234,1.05361,1.0523,1.0528,4039.0,False,False,False,106,False,vol_high,True,False,trend_up,2022-12-02 06:00:00+00:00
2022-12-02 07:00:00+00:00,1.05276,1.05427,1.0524,1.05296,7351.0,False,False,False,106,False,vol_high,True,False,trend_up,2022-12-02 07:00:00+00:00
2022-12-02 08:00:00+00:00,1.05298,1.05452,1.0513,1.05356,9003.0,False,False,False,106,False,vol_high,True,False,trend_up,2022-12-02 08:00:00+00:00
2022-12-02 09:00:00+00:00,1.05354,1.05402,1.05156,1.05299,7634.0,False,False,False,106,False,vol_high,True,False,trend_up,2022-12-02 09:00:00+00:00
2022-12-02 10:00:00+00:00,1.05301,1.05305,1.05162,1.05293,5456.0,False,False,False,106,False,vol_high,True,False,trend_up,2022-12-02 10:00:00+00:00
2022-12-02 11:00:00+00:00,1.05292,1.05394,1.0523,1.05374,4235.0,False,False,False,106,False,vol_high,True,False,trend_up,2022-12-02 11:00:00+00:00
2022-12-02 12:00:00+00:00,1.05374,1.05448,1.05265,1.05378,6032.0,False,False,False,106,False,vol_high,True,False,trend_up,2022-12-02 12:00:00+00:00
2022-12-02 13:00:00+00:00,1.05388,1.0541,1.04284,1.04624,19859.0,False,True,False,106,False,vol_high,True,False,trend_up,2022-12-02 13:00:00+00:00
2022-12-02 14:00:00+00:00,1.04622,1.0491,1.04452,1.04706,17954.0,False,False,False,106,False,vol_high,True,False,trend_up,2022-12-02 14:00:00+00:00
2022-12-02 15:00:00+00:00,1.04706,1.04798,1.04498,1.04734,13415.0,False,False,False,106,False,vol_high,True,False,trend_up,2022-12-02 15:00:00+00:00
2022-12-02 16:00:00+00:00,1.04734,1.05261,1.04662,1.05198,11069.0,False,False,False,106,False,vol_high,True,False,trend_up,2022-12-02 16:00:00+00:00
2022-12-02 17:00:00+00:00,1.052,1.05342,1.05151,1.05257,7634.0,False,False,False,106,False,vol_high,True,False,trend_up,2022-12-02 17:00:00+00:00
2022-12-02 18:00:00+00:00,1.0526,1.05332,1.05184,1.05193,4467.0,False,False,False,106,False,vol_high,True,False,trend_up,2022-12-02 18:00:00+00:00
2022-12-02 19:00:00+00:00,1.05188,1.05367,1.05105,1.05362,4942.0,False,False,False,106,False,vol_high,True,False,trend_up,2022-12-02 19:00:00+00:00
2022-12-02 20:00:00+00:00,1.05358,1.05404,1.0531,1.05332,5697.0,False,False,False,106,False,vol_high,True,False,trend_up,2022-12-02 20:00:00+00:00
2022-12-02 21:00:00+00:00,1.05335,1.05426,1.05321,1.05406,3061.0,False,False,False,106,False,vol_high,True,False,trend_up,2022-12-02 21:00:00+00:00
2022-12-04 22:00:00+00:00,1.05357,1.05436,1.05323,1.05402,1364.0,False,False,False,107,True,vol_high,True,False,trend_up,2022-12-04 22:00:00+00:00
2022-12-04 23:00:00+00:00,1.05402,1.0544,1.0531,1.0544,3333.0,False,False,False,107,False,vol_high,True,False,trend_up,2022-12-04 23:00:00+00:00
2022-12-05 00:00:00+00:00,1.05444,1.05479,1.05393,1.05429,4393.0,False,False,False,107,False,vol_high,True,False,trend_up,2022-12-05 00:00:00+00:00
2022-12-05 01:00:00+00:00,1.05431,1.05742,1.05418,1.05682,5317.0,False,False,False,107,False,vol_high,True,False,trend_up,2022-12-05 01:00:00+00:00
2022-12-05 02:00:00+00:00,1.05684,1.05724,1.05576,1.05707,4261.0,False,False,False,107,False,vol_high,True,False,trend_up,2022-12-05 02:00:00+00:00
2022-12-05 03:00:00+00:00,1.05707,1.0583,1.0567,1.05804,3280.0,False,False,False,107,False,vol_high,True,False,trend_down,2022-12-05 03:00:00+00:00
2022-12-05 04:00:00+00:00,1.05806,1.05833,1.05763,1.05812,2265.0,False,False,False,107,False,vol_high,True,False,trend_down,2022-12-05 04:00:00+00:00
2022-12-05 05:00:00+00:00,1.0581,1.0585,1.05748,1.05832,3108.0,False,False,False,107,False,vol_high,True,False,trend_down,2022-12-05 05:00:00+00:00
2022-12-05 06:00:00+00:00,1.0583,1.0583,1.05683,1.0569,4064.0,False,False,False,107,False,vol_high,True,False,trend_down,2022-12-05 06:00:00+00:00
2022-12-05 07:00:00+00:00,1.057,1.05714,1.05305,1.05392,5966.0,False,False,False,107,False,vol_high,True,False,trend_up,2022-12-05 07:00:00+00:00
2022-12-05 08:00:00+00:00,1.05393,1.05548,1.05336,1.05545,8064.0,False,False,False,107,False,vol_high,True,False,trend_up,2022-12-05 08:00:00+00:00
2022-12-05 09:00:00+00:00,1.05544,1.05654,1.05482,1.05594,7000.0,False,False,False,107,False,vol_high,True,False,trend_up,2022-12-05 09:00:00+00:00
2022-12-05 10:00:00+00:00,1.05592,1.05597,1.0519,1.05364,6242.0,False,False,False,107,False,vol_high,True,False,trend_up,2022-12-05 10:00:00+00:00
2022-12-05 11:00:00+00:00,1.05365,1.0577,1.05293,1.05646,5240.0,False,False,False,107,False,vol_high,True,False,trend_up,2022-12-05 11:00:00+00:00
2022-12-05 12:00:00+00:00,1.05646,1.0595,1.05602,1.05898,6276.0,False,False,False,107,False,vol_high,True,False,trend_up,2022-12-05 12:00:00+00:00
2022-12-05 13:00:00+00:00,1.05898,1.0594,1.05635,1.05657,9335.0,False,False,False,107,False,vol_high,True,False,trend_up,2022-12-05 13:00:00+00:00
2022-12-05 14:00:00+00:00,1.05658,1.05686,1.05488,1.05499,8326.0,False,False,False,107,False,vol_high,True,False,trend_up,2022-12-05 14:00:00+00:00
2022-12-05 15:00:00+00:00,1.05333,1.05396,1.05038,1.05252,14710.0,False,False,False,107,False,vol_high,True,False,trend_up,2022-12-05 15:00:00+00:00
2022-12-05 16:00:00+00:00,1.05252,1.0538,1.04906,1.04933,8008.0,False,False,False,107,False,vol_high,True,False,trend_up,2022-12-05 16:00:00+00:00
2022-12-05 17:00:00+00:00,1.0493,1.05158,1.04904,1.04956,6563.0,False,False,False,107,False,vol_high,True,False,trend_up,2022-12-05 17:00:00+00:00
2022-12-05 18:00:00+00:00,1.04955,1.05063,1.04942,1.04974,3933.0,False,False,False,107,False,vol_high,True,False,trend_up,2022-12-05 18:00:00+00:00
2022-12-05 19:00:00+00:00,1.04976,1.04992,1.04818,1.04926,4468.0,False,False,False,107,False,vol_high,True,False,trend_up,2022-12-05 19:00:00+00:00
2022-12-05 20:00:00+00:00,1.04926,1.04974,1.04804,1.04852,4776.0,False,False,False,107,False,vol_high,True,False,trend_up,2022-12-05 20:00:00+00:00
2022-12-05 21:00:00+00:00,1.04852,1.04948,1.04843,1.04948,1855.0,False,False,False,107,False,vol_high,True,False,trend_up,2022-12-05 21:00:00+00:00
2022-12-05 22:00:00+00:00,1.04903,1.04956,1.04898,1.0495,1774.0,False,False,False,107,False,vol_high,True,False,trend_up,2022-12-05 22:00:00+00:00
2022-12-05 23:00:00+00:00,1.0495,1.04986,1.04926,1.04964,1971.0,False,False,False,107,False,vol_high,True,False,trend_up,2022-12-05 23:00:00+00:00
2022-12-06 00:00:00+00:00,1.04966,1.05115,1.0495,1.05108,2888.0,False,False,False,107,False,vol_high,True,False,trend_up,2022-12-06 00:00:00+00:00
2022-12-06 01:00:00+00:00,1.05107,1.0519,1.05044,1.05104,4558.0,False,False,False,107,False,vol_high,True,False,trend_down,2022-12-06 01:00:00+00:00
2022-12-06 02:00:00+00:00,1.05104,1.05152,1.04914,1.04976,5408.0,False,False,False,107,False,vol_high,True,False,trend_down,2022-12-06 02:00:00+00:00
2022-12-06 03:00:00+00:00,1.04979,1.05094,1.0488,1.04927,4203.0,False,False,False,107,False,vol_high,True,False,trend_down,2022-12-06 03:00:00+00:00
2022-12-06 04:00:00+00:00,1.04928,1.04992,1.04898,1.04908,3522.0,False,False,False,107,False,vol_high,True,False,trend_down,2022-12-06 04:00:00+00:00
2022-12-06 05:00:00+00:00,1.0491,1.04952,1.04833,1.04941,4328.0,False,False,False,107,False,vol_high,True,False,trend_down,2022-12-06 05:00:00+00:00
2022-12-06 06:00:00+00:00,1.04941,1.04954,1.04758,1.04845,4518.0,False,False,False,107,False,vol_high,True,False,trend_down,2022-12-06 06:00:00+00:00
2022-12-06 07:00:00+00:00,1.04838,1.04981,1.04764,1.04906,6519.0,False,False,False,107,False,vol_high,True,False,trend_down,2022-12-06 07:00:00+00:00
2022-12-06 08:00:00+00:00,1.0491,1.05096,1.0482,1.04906,8286.0,False,False,False,107,False,vol_high,True,False,trend_down,2022-12-06 08:00:00+00:00
2022-12-06 09:00:00+00:00,1.04908,1.05027,1.0479,1.04943,6022.0,False,False,False,107,False,vol_high,True,False,trend_down,2022-12-06 09:00:00+00:00
2022-12-06 10:00:00+00:00,1.04942,1.05085,1.04916,1.05016,5636.0,False,False,False,107,False,vol_high,True,False,trend_down,2022-12-06 10:00:00+00:00
2022-12-06 11:00:00+00:00,1.05018,1.05228,1.04946,1.05169,5240.0,False,False,False,107,False,vol_high,True,False,trend_down,2022-12-06 11:00:00+00:00
2022-12-06 12:00:00+00:00,1.05166,1.0533,1.05132,1.05256,5795.0,False,False,False,107,False,vol_high,True,False,trend_down,2022-12-06 12:00:00+00:00
2022-12-06 13:00:00+00:00,1.05255,1.05261,1.05032,1.05136,7098.0,False,False,False,107,False,vol_high,True,False,trend_down,2022-12-06 13:00:00+00:00
2022-12-06 14:00:00+00:00,1.05135,1.05192,1.0498,1.0501,8915.0,False,False,False,107,False,vol_high,True,False,trend_up,2022-12-06 14:00:00+00:00
2022-12-06 15:00:00+00:00,1.0501,1.05096,1.04858,1.0499,11266.0,False,False,False,107,False,vol_normal,False,False,trend_up,2022-12-06 15:00:00+00:00
2022-12-06 16:00:00+00:00,1.0499,1.05291,1.04954,1.04956,8943.0,False,False,False,107,False,vol_normal,False,False,trend_down,2022-12-06 16:00:00+00:00
2022-12-06 17:00:00+00:00,1.04957,1.04977,1.04796,1.0482,5728.0,False,False,False,107,False,vol_normal,False,False,trend_up,2022-12-06 17:00:00+00:00
2022-12-06 18:00:00+00:00,1.04819,1.04827,1.04632,1.04638,4716.0,False,False,False,107,False,vol_normal,False,False,trend_up,2022-12-06 18:00:00+00:00
2022-12-06 19:00:00+00:00,1.04638,1.04692,1.04594,1.04633,4237.0,False,False,False,107,False,vol_normal,False,False,trend_up,2022-12-06 19:00:00+00:00
2022-12-06 20:00:00+00:00,1.04635,1.04719,1.04622,1.04696,2267.0,False,False,False,107,False,vol_normal,False,False,trend_up,2022-12-06 20:00:00+00:00
2022-12-06 21:00:00+00:00,1.04701,1.04706,1.04646,1.0467,1099.0,False,False,False,107,False,vol_normal,False,False,trend_up,2022-12-06 21:00:00+00:00
2022-12-06 22:00:00+00:00,1.04671,1.04704,1.04658,1.04665,2747.0,False,False,False,107,False,vol_normal,False,False,trend_up,2022-12-06 22:00:00+00:00
2022-12-06 23:00:00+00:00,1.04666,1.047,1.04646,1.04676,1799.0,False,False,False,107,False,vol_normal,False,False,trend_up,2022-12-06 23:00:00+00:00
2022-12-07 00:00:00+00:00,1.04676,1.04682,1.04564,1.04612,2920.0,False,False,False,107,False,vol_high,True,False,trend_up,2022-12-07 00:00:00+00:00
2022-12-07 01:00:00+00:00,1.04616,1.04744,1.04552,1.0473,4099.0,False,False,False,107,False,vol_high,True,False,trend_up,2022-12-07 01:00:00+00:00
2022-12-07 02:00:00+00:00,1.04727,1.04766,1.0465,1.04658,3930.0,False,False,False,107,False,vol_normal,False,False,trend_up,2022-12-07 02:00:00+00:00
2022-12-07 03:00:00+00:00,1.04656,1.0468,1.04581,1.04672,2675.0,False,False,False,107,False,vol_high,True,False,trend_up,2022-12-07 03:00:00+00:00
2022-12-07 04:00:00+00:00,1.0467,1.04682,1.04588,1.04638,2161.0,False,False,False,107,False,vol_high,True,False,trend_up,2022-12-07 04:00:00+00:00
2022-12-07 05:00:00+00:00,1.04642,1.04711,1.0462,1.04666,3383.0,False,False,False,107,False,vol_high,True,False,trend_up,2022-12-07 05:00:00+00:00
2022-12-07 06:00:00+00:00,1.04668,1.04683,1.04476,1.04492,4215.0,False,False,False,107,False,vol_high,True,False,trend_up,2022-12-07 06:00:00+00:00
2022-12-07 07:00:00+00:00,1.04492,1.04673,1.04434,1.04598,6925.0,False,False,False,107,False,vol_high,True,False,trend_up,2022-12-07 07:00:00+00:00
2022-12-07 08:00:00+00:00,1.04598,1.04804,1.04495,1.0478,8473.0,False,False,False,107,False,vol_high,True,False,trend_up,2022-12-07 08:00:00+00:00
2022-12-07 09:00:00+00:00,1.04778,1.04842,1.04657,1.04762,6558.0,False,False,False,107,False,vol_normal,False,False,trend_up,2022-12-07 09:00:00+00:00
2022-12-07 10:00:00+00:00,1.04762,1.05066,1.04727,1.04998,6459.0,False,False,False,107,False,vol_high,True,False,trend_up,2022-12-07 10:00:00+00:00
2022-12-07 11:00:00+00:00,1.04998,1.05048,1.04893,1.04894,5333.0,False,False,False,107,False,vol_high,True,False,trend_up,2022-12-07 11:00:00+00:00
2022-12-07 12:00:00+00:00,1.04896,1.05394,1.04862,1.05366,6406.0,False,False,False,107,False,vol_high,True,False,trend_down,2022-12-07 12:00:00+00:00
2022-12-07 13:00:00+00:00,1.05364,1.05472,1.052,1.05424,10994.0,False,False,False,107,False,vol_high,True,False,trend_down,2022-12-07 13:00:00+00:00
2022-12-07 14:00:00+00:00,1.0543,1.05498,1.05157,1.05172,12125.0,False,False,False,107,False,vol_high,True,False,trend_down,2022-12-07 14:00:00+00:00
2022-12-07 15:00:00+00:00,1.0517,1.05292,1.0495,1.05042,16651.0,False,False,False,107,False,vol_high,True,False,trend_down,2022-12-07 15:00:00+00:00
2022-12-07 16:00:00+00:00,1.0504,1.05106,1.0488,1.05038,8192.0,False,False,False,107,False,vol_high,True,False,trend_down,2022-12-07 16:00:00+00:00
2022-12-07 17:00:00+00:00,1.0504,1.05222,1.04988,1.05181,6174.0,False,False,False,107,False,vol_high,True,False,trend_down,2022-12-07 17:00:00+00:00
2022-12-07 18:00:00+00:00,1.05182,1.05288,1.05103,1.05106,4719.0,False,False,False,107,False,vol_high,True,False,trend_down,2022-12-07 18:00:00+00:00
2022-12-07 19:00:00+00:00,1.05104,1.05202,1.05064,1.05143,3788.0,False,False,False,107,False,vol_high,True,False,trend_down,2022-12-07 19:00:00+00:00
2022-12-07 20:00:00+00:00,1.05142,1.0517,1.05026,1.05097,3550.0,False,False,False,107,False,vol_high,True,False,trend_up,2022-12-07 20:00:00+00:00
2022-12-07 21:00:00+00:00,1.05098,1.05125,1.0504,1.05064,1424.0,False,False,False,107,False,vol_high,True,False,trend_up,2022-12-07 21:00:00+00:00
2022-12-07 22:00:00+00:00,1.05081,1.05121,1.05061,1.05093,4176.0,False,False,False,107,False,vol_high,True,False,trend_up,2022-12-07 22:00:00+00:00
2022-12-07 23:00:00+00:00,1.05094,1.0515,1.05092,1.05119,1760.0,False,False,False,107,False,vol_high,True,False,trend_up,2022-12-07 23:00:00+00:00
2022-12-08 00:00:00+00:00,1.0512,1.05154,1.05017,1.05022,2406.0,False,False,False,107,False,vol_high,True,False,trend_up,2022-12-08 00:00:00+00:00
2022-12-08 01:00:00+00:00,1.05023,1.05044,1.04948,1.05018,4258.0,False,False,False,107,False,vol_high,True,False,trend_up,2022-12-08 01:00:00+00:00
2022-12-08 02:00:00+00:00,1.05018,1.05074,1.04949,1.0496,3463.0,False,False,False,107,False,vol_high,True,False,trend_down,2022-12-08 02:00:00+00:00
2022-12-08 03:00:00+00:00,1.04959,1.0505,1.04944,1.05042,3158.0,False,False,False,107,False,vol_high,True,False,trend_down,2022-12-08 03:00:00+00:00
2022-12-08 04:00:00+00:00,1.05042,1.05046,1.04947,1.0501,3104.0,False,False,False,107,False,vol_high,True,False,trend_down,2022-12-08 04:00:00+00:00
2022-12-08 05:00:00+00:00,1.0501,1.05062,1.0494,1.05038,3812.0,False,False,False,107,False,vol_high,True,False,trend_down,2022-12-08 05:00:00+00:00
2022-12-08 06:00:00+00:00,1.05036,1.05189,1.05026,1.05135,3319.0,False,False,False,107,False,vol_high,True,False,trend_down,2022-12-08 06:00:00+00:00
2022-12-08 07:00:00+00:00,1.0513,1.05312,1.05094,1.05258,5654.0,False,False,False,107,False,vol_high,True,False,trend_down,2022-12-08 07:00:00+00:00
2022-12-08 08:00:00+00:00,1.05258,1.05275,1.05124,1.05268,7896.0,False,False,False,107,False,vol_high,True,False,trend_down,2022-12-08 08:00:00+00:00
2022-12-08 09:00:00+00:00,1.05267,1.05268,1.04896,1.04946,5454.0,False,False,False,107,False,vol_high,True,False,trend_down,2022-12-08 09:00:00+00:00
2022-12-08 10:00:00+00:00,1.04946,1.05138,1.04908,1.05134,5728.0,False,False,False,107,False,vol_high,True,False,trend_down,2022-12-08 10:00:00+00:00
2022-12-08 11:00:00+00:00,1.05132,1.05142,1.04924,1.05084,4921.0,False,False,False,107,False,vol_high,True,False,trend_down,2022-12-08 11:00:00+00:00
2022-12-08 12:00:00+00:00,1.05083,1.05245,1.05063,1.05188,6531.0,False,False,False,107,False,vol_high,True,False,trend_down,2022-12-08 12:00:00+00:00
2022-12-08 13:00:00+00:00,1.05188,1.0532,1.0511,1.05206,9618.0,False,False,False,107,False,vol_high,True,False,trend_up,2022-12-08 13:00:00+00:00
2022-12-08 14:00:00+00:00,1.05206,1.05402,1.05175,1.0539,11930.0,False,False,False,107,False,vol_high,True,False,trend_down,2022-12-08 14:00:00+00:00
2022-12-08 15:00:00+00:00,1.05392,1.05492,1.05352,1.05452,9069.0,False,False,False,107,False,vol_high,True,False,trend_down,2022-12-08 15:00:00+00:00
2022-12-08 16:00:00+00:00,1.05448,1.0565,1.05343,1.05514,6865.0,False,False,False,107,False,vol_high,True,False,trend_down,2022-12-08 16:00:00+00:00
2022-12-08 17:00:00+00:00,1.05515,1.05564,1.05392,1.05443,5161.0,False,False,False,107,False,vol_high,True,False,trend_down,2022-12-08 17:00:00+00:00
2022-12-08 18:00:00+00:00,1.05442,1.0562,1.05385,1.05579,4791.0,False,False,False,107,False,vol_high,True,False,trend_down,2022-12-08 18:00:00+00:00
2022-12-08 19:00:00+00:00,1.05578,1.05637,1.05454,1.056,5712.0,False,False,False,107,False,vol_normal,False,False,trend_down,2022-12-08 19:00:00+00:00
2022-12-08 20:00:00+00:00,1.05599,1.0561,1.05531,1.05556,3637.0,False,False,False,107,False,vol_normal,False,False,trend_down,2022-12-08 20:00:00+00:00
2022-12-08 21:00:00+00:00,1.05554,1.05592,1.05551,1.05552,1291.0,False,False,False,107,False,vol_normal,False,False,trend_down,2022-12-08 21:00:00+00:00
2022-12-08 22:00:00+00:00,1.05573,1.05592,1.05548,1.05564,2952.0,False,False,False,107,False,vol_normal,False,False,trend_down,2022-12-08 22:00:00+00:00
2022-12-08 23:00:00+00:00,1.05566,1.05636,1.05553,1.05558,2001.0,False,False,False,107,False,vol_normal,False,False,trend_down,2022-12-08 23:00:00+00:00
2022-12-09 00:00:00+00:00,1.05557,1.05604,1.0552,1.05604,2494.0,False,False,False,107,False,vol_normal,False,False,trend_down,2022-12-09 00:00:00+00:00
2022-12-09 01:00:00+00:00,1.05602,1.05856,1.05594,1.05793,5878.0,False,False,False,107,False,vol_high,True,False,trend_down,2022-12-09 01:00:00+00:00
2022-12-09 02:00:00+00:00,1.05796,1.05808,1.05664,1.05744,4517.0,False,False,False,107,False,vol_high,True,False,trend_down,2022-12-09 02:00:00+00:00
2022-12-09 03:00:00+00:00,1.05744,1.05842,1.05738,1.05806,3682.0,False,False,False,107,False,vol_high,True,False,trend_down,2022-12-09 03:00:00+00:00
2022-12-09 04:00:00+00:00,1.05811,1.05827,1.0576,1.0576,2536.0,False,False,False,107,False,vol_high,True,False,trend_down,2022-12-09 04:00:00+00:00
2022-12-09 05:00:00+00:00,1.05762,1.05868,1.05746,1.0577,3441.0,False,False,False,107,False,vol_high,True,False,trend_down,2022-12-09 05:00:00+00:00
2022-12-09 06:00:00+00:00,1.0577,1.05788,1.05711,1.05761,3313.0,False,False,False,107,False,vol_high,True,False,trend_down,2022-12-09 06:00:00+00:00
2022-12-09 07:00:00+00:00,1.05764,1.05883,1.05669,1.0568,6401.0,False,False,False,107,False,vol_high,True,False,trend_down,2022-12-09 07:00:00+00:00
2022-12-09 08:00:00+00:00,1.0568,1.0577,1.05609,1.0561,6079.0,False,False,False,107,False,vol_normal,False,False,trend_down,2022-12-09 08:00:00+00:00
2022-12-09 09:00:00+00:00,1.05609,1.05662,1.05467,1.05572,5874.0,False,False,False,107,False,vol_normal,False,False,trend_down,2022-12-09 09:00:00+00:00
2022-12-09 10:00:00+00:00,1.05576,1.05688,1.05526,1.05586,4575.0,False,False,False,107,False,vol_normal,False,False,trend_down,2022-12-09 10:00:00+00:00
2022-12-09 11:00:00+00:00,1.05586,1.05646,1.05511,1.05537,5854.0,False,False,False,107,False,vol_normal,False,False,trend_down,2022-12-09 11:00:00+00:00
2022-12-09 12:00:00+00:00,1.05544,1.05665,1.05502,1.05562,6812.0,False,False,False,107,False,vol_normal,False,False,trend_down,2022-12-09 12:00:00+00:00
2022-12-09 13:00:00+00:00,1.05562,1.05678,1.05036,1.0539,15906.0,False,False,False,107,False,vol_normal,False,False,trend_down,2022-12-09 13:00:00+00:00
2022-12-09 14:00:00+00:00,1.05392,1.05504,1.05252,1.05342,13129.0,False,False,False,107,False,vol_normal,False,False,trend_down,2022-12-09 14:00:00+00:00
2022-12-09 15:00:00+00:00,1.05344,1.05592,1.05191,1.05407,14010.0,False,False,False,107,False,vol_normal,False,False,trend_down,2022-12-09 15:00:00+00:00
2022-12-09 16:00:00+00:00,1.05408,1.0554,1.05349,1.05492,7395.0,False,False,False,107,False,vol_normal,False,False,trend_down,2022-12-09 16:00:00+00:00
2022-12-09 17:00:00+00:00,1.05494,1.05502,1.05322,1.05454,5003.0,False,False,False,107,False,vol_normal,False,False,trend_down,2022-12-09 17:00:00+00:00
2022-12-09 18:00:00+00:00,1.05453,1.0556,1.05398,1.05495,3645.0,False,False,False,107,False,vol_normal,False,False,trend_down,2022-12-09 18:00:00+00:00
2022-12-09 19:00:00+00:00,1.05494,1.05524,1.05436,1.0547,3748.0,False,False,False,107,False,vol_normal,False,False,trend_down,2022-12-09 19:00:00+00:00
2022-12-09 20:00:00+00:00,1.05469,1.0548,1.05302,1.05304,3556.0,False,False,False,107,False,vol_normal,False,False,trend_down,2022-12-09 20:00:00+00:00
2022-12-09 21:00:00+00:00,1.05302,1.05373,1.0529,1.0533,1967.0,False,False,False,107,False,vol_normal,False,False,trend_down,2022-12-09 21:00:00+00:00
2022-12-11 22:00:00+00:00,1.05328,1.05398,1.05318,1.05342,670.0,False,False,False,108,True,vol_high,True,False,trend_down,2022-12-11 22:00:00+00:00
2022-12-11 23:00:00+00:00,1.05348,1.05368,1.05182,1.05208,2264.0,False,False,False,108,False,vol_high,True,False,trend_down,2022-12-11 23:00:00+00:00
2022-12-12 00:00:00+00:00,1.05209,1.05232,1.05098,1.05138,3836.0,False,False,False,108,False,vol_high,True,False,trend_down,2022-12-12 00:00:00+00:00
2022-12-12 01:00:00+00:00,1.0514,1.05182,1.0506,1.05126,5211.0,False,False,False,108,False,vol_high,True,False,trend_down,2022-12-12 01:00:00+00:00
2022-12-12 02:00:00+00:00,1.05124,1.05203,1.05064,1.05132,3314.0,False,False,False,108,False,vol_high,True,False,trend_down,2022-12-12 02:00:00+00:00
2022-12-12 03:00:00+00:00,1.05134,1.0517,1.05118,1.05151,2536.0,False,False,False,108,False,vol_high,True,False,trend_down,2022-12-12 03:00:00+00:00
2022-12-12 04:00:00+00:00,1.05152,1.052,1.05142,1.05162,1765.0,False,False,False,108,False,vol_high,True,False,trend_down,2022-12-12 04:00:00+00:00
2022-12-12 05:00:00+00:00,1.05162,1.05168,1.05083,1.05164,2856.0,False,False,False,108,False,vol_normal,False,False,trend_down,2022-12-12 05:00:00+00:00
2022-12-12 06:00:00+00:00,1.05162,1.05282,1.05088,1.05226,3549.0,False,False,False,108,False,vol_normal,False,False,trend_down,2022-12-12 06:00:00+00:00
2022-12-12 07:00:00+00:00,1.05233,1.0537,1.05147,1.05264,6645.0,False,False,False,108,False,vol_normal,False,False,trend_down,2022-12-12 07:00:00+00:00
2022-12-12 08:00:00+00:00,1.05268,1.05514,1.05202,1.05452,7662.0,False,False,False,108,False,vol_normal,False,False,trend_down,2022-12-12 08:00:00+00:00
2022-12-12 09:00:00+00:00,1.05452,1.05649,1.05444,1.05594,6863.0,False,False,False,108,False,vol_normal,False,False,trend_down,2022-12-12 09:00:00+00:00
2022-12-12 10:00:00+00:00,1.05596,1.0567,1.05548,1.05646,4338.0,False,False,False,108,False,vol_normal,False,False,trend_down,2022-12-12 10:00:00+00:00
2022-12-12 11:00:00+00:00,1.05646,1.05742,1.0559,1.05658,4886.0,False,False,False,108,False,vol_normal,False,False,trend_down,2022-12-12 11:00:00+00:00
2022-12-12 12:00:00+00:00,1.05656,1.05745,1.05537,1.05556,5268.0,False,False,False,108,False,vol_normal,False,False,trend_down,2022-12-12 12:00:00+00:00
2022-12-12 13:00:00+00:00,1.05558,1.05776,1.05534,1.05716,6251.0,False,False,False,108,False,vol_normal,False,False,trend_down,2022-12-12 13:00:00+00:00
2022-12-12 14:00:00+00:00,1.05717,1.05766,1.05496,1.05556,8847.0,False,False,False,108,False,vol_normal,False,False,trend_down,2022-12-12 14:00:00+00:00
2022-12-12 15:00:00+00:00,1.05558,1.05803,1.05206,1.05238,10732.0,False,False,False,108,False,vol_high,True,False,trend_up,2022-12-12 15:00:00+00:00
2022-12-12 16:00:00+00:00,1.05236,1.05497,1.05176,1.05443,8643.0,False,False,False,108,False,vol_high,True,False,trend_up,2022-12-12 16:00:00+00:00
2022-12-12 17:00:00+00:00,1.05444,1.05485,1.05287,1.05342,5346.0,False,False,False,108,False,vol_high,True,False,trend_up,2022-12-12 17:00:00+00:00
2022-12-12 18:00:00+00:00,1.05343,1.05354,1.05162,1.05225,6946.0,False,False,False,108,False,vol_high,True,False,trend_up,2022-12-12 18:00:00+00:00
2022-12-12 19:00:00+00:00,1.05226,1.05262,1.05108,1.05223,4432.0,False,False,False,108,False,vol_high,True,False,trend_up,2022-12-12 19:00:00+00:00
2022-12-12 20:00:00+00:00,1.05222,1.0538,1.05208,1.0536,4196.0,False,False,False,108,False,vol_high,True,False,trend_up,2022-12-12 20:00:00+00:00
2022-12-12 21:00:00+00:00,1.0536,1.05394,1.05334,1.05378,1344.0,False,False,False,108,False,vol_high,True,False,trend_up,2022-12-12 21:00:00+00:00
2022-12-12 22:00:00+00:00,1.05358,1.05374,1.05327,1.05369,2101.0,False,False,False,108,False,vol_high,True,False,trend_up,2022-12-12 22:00:00+00:00
2022-12-12 23:00:00+00:00,1.05368,1.05422,1.05366,1.05413,1319.0,False,False,False,108,False,vol_high,True,False,trend_up,2022-12-12 23:00:00+00:00
2022-12-13 00:00:00+00:00,1.05412,1.05479,1.05372,1.05445,2615.0,False,False,False,108,False,vol_high,True,False,trend_up,2022-12-13 00:00:00+00:00
2022-12-13 01:00:00+00:00,1.05447,1.05494,1.05404,1.05466,4392.0,False,False,False,108,False,vol_high,True,False,trend_down,2022-12-13 01:00:00+00:00
2022-12-13 02:00:00+00:00,1.05464,1.05544,1.05448,1.05466,3030.0,False,False,False,108,False,vol_high,True,False,trend_up,2022-12-13 02:00:00+00:00
2022-12-13 03:00:00+00:00,1.05468,1.05484,1.05336,1.05346,3138.0,False,False,False,108,False,vol_high,True,False,trend_down,2022-12-13 03:00:00+00:00
2022-12-13 04:00:00+00:00,1.05348,1.05416,1.05314,1.05414,2268.0,False,False,False,108,False,vol_high,True,False,trend_down,2022-12-13 04:00:00+00:00
2022-12-13 05:00:00+00:00,1.05414,1.05517,1.05364,1.05511,2808.0,False,False,False,108,False,vol_high,True,False,trend_down,2022-12-13 05:00:00+00:00
2022-12-13 06:00:00+00:00,1.05513,1.05548,1.05458,1.0547,3150.0,False,False,False,108,False,vol_normal,False,False,trend_down,2022-12-13 06:00:00+00:00
2022-12-13 07:00:00+00:00,1.0548,1.05605,1.05462,1.05515,5540.0,False,False,False,108,False,vol_normal,False,False,trend_down,2022-12-13 07:00:00+00:00
2022-12-13 08:00:00+00:00,1.05516,1.05608,1.05316,1.05475,7086.0,False,False,False,108,False,vol_normal,False,False,trend_up,2022-12-13 08:00:00+00:00
2022-12-13 09:00:00+00:00,1.05476,1.05476,1.05312,1.05436,5654.0,False,False,False,108,False,vol_normal,False,False,trend_up,2022-12-13 09:00:00+00:00
2022-12-13 10:00:00+00:00,1.05436,1.05437,1.05281,1.05354,5411.0,False,False,False,108,False,vol_normal,False,False,trend_up,2022-12-13 10:00:00+00:00
2022-12-13 11:00:00+00:00,1.05354,1.05462,1.05332,1.05358,4333.0,False,False,False,108,False,vol_normal,False,False,trend_up,2022-12-13 11:00:00+00:00
2022-12-13 12:00:00+00:00,1.05358,1.05525,1.05328,1.05486,6105.0,False,False,False,108,False,vol_normal,False,False,trend_up,2022-12-13 12:00:00+00:00
2022-12-13 13:00:00+00:00,1.05484,1.06622,1.05398,1.06464,20815.0,False,True,False,108,False,vol_high,True,False,trend_down,2022-12-13 13:00:00+00:00
2022-12-13 14:00:00+00:00,1.06472,1.06736,1.06308,1.06457,18802.0,False,False,False,108,False,vol_high,True,False,trend_down,2022-12-13 14:00:00+00:00
2022-12-13 15:00:00+00:00,1.06458,1.06505,1.06208,1.06364,17110.0,False,False,False,108,False,vol_high,True,False,trend_down,2022-12-13 15:00:00+00:00
2022-12-13 16:00:00+00:00,1.06368,1.06588,1.06248,1.06295,11105.0,False,False,False,108,False,vol_high,True,False,trend_down,2022-12-13 16:00:00+00:00
2022-12-13 17:00:00+00:00,1.06294,1.06382,1.06108,1.06146,10276.0,False,False,False,108,False,vol_high,True,False,trend_down,2022-12-13 17:00:00+00:00
2022-12-13 18:00:00+00:00,1.06146,1.0628,1.06104,1.06204,7694.0,False,False,False,108,False,vol_high,True,False,trend_down,2022-12-13 18:00:00+00:00
2022-12-13 19:00:00+00:00,1.06205,1.0641,1.06181,1.06362,5859.0,False,False,False,108,False,vol_high,True,False,trend_down,2022-12-13 19:00:00+00:00
2022-12-13 20:00:00+00:00,1.06362,1.06382,1.06255,1.0627,5653.0,False,False,False,108,False,vol_high,True,False,trend_up,2022-12-13 20:00:00+00:00
2022-12-13 21:00:00+00:00,1.06272,1.06332,1.06272,1.06317,1616.0,False,False,False,108,False,vol_high,True,False,trend_up,2022-12-13 21:00:00+00:00
2022-12-13 22:00:00+00:00,1.06322,1.06354,1.063,1.06334,2767.0,False,False,False,108,False,vol_high,True,False,trend_up,2022-12-13 22:00:00+00:00
2022-12-13 23:00:00+00:00,1.06334,1.06364,1.0621,1.06244,2541.0,False,False,False,108,False,vol_high,True,False,trend_up,2022-12-13 23:00:00+00:00
2022-12-14 00:00:00+00:00,1.06242,1.06383,1.06234,1.0636,3939.0,False,False,False,108,False,vol_high,True,False,trend_up,2022-12-14 00:00:00+00:00
2022-12-14 01:00:00+00:00,1.06362,1.06393,1.06308,1.06348,4961.0,False,False,False,108,False,vol_high,True,False,trend_up,2022-12-14 01:00:00+00:00
2022-12-14 02:00:00+00:00,1.06348,1.06386,1.06266,1.06278,3868.0,False,False,False,108,False,vol_high,True,False,trend_up,2022-12-14 02:00:00+00:00
2022-12-14 03:00:00+00:00,1.06278,1.06292,1.06242,1.06262,2252.0,False,False,False,108,False,vol_high,True,False,trend_up,2022-12-14 03:00:00+00:00
2022-12-14 04:00:00+00:00,1.06258,1.06268,1.06196,1.06241,2118.0,False,False,False,108,False,vol_high,True,False,trend_up,2022-12-14 04:00:00+00:00
2022-12-14 05:00:00+00:00,1.06239,1.06304,1.06233,1.0626,2770.0,False,False,False,108,False,vol_high,True,False,trend_up,2022-12-14 05:00:00+00:00
2022-12-14 06:00:00+00:00,1.0626,1.06405,1.06258,1.06375,4732.0,False,False,False,108,False,vol_high,True,False,trend_up,2022-12-14 06:00:00+00:00
2022-12-14 07:00:00+00:00,1.06373,1.06426,1.06199,1.063,7012.0,False,False,False,108,False,vol_high,True,False,trend_up,2022-12-14 07:00:00+00:00
2022-12-14 08:00:00+00:00,1.063,1.06447,1.0619,1.06421,8289.0,False,False,False,108,False,vol_high,True,False,trend_up,2022-12-14 08:00:00+00:00
2022-12-14 09:00:00+00:00,1.06422,1.06651,1.0639,1.06622,7419.0,False,False,False,108,False,vol_high,True,False,trend_up,2022-12-14 09:00:00+00:00
2022-12-14 10:00:00+00:00,1.06622,1.06721,1.06534,1.06698,7942.0,False,False,False,108,False,vol_high,True,False,trend_up,2022-12-14 10:00:00+00:00
2022-12-14 11:00:00+00:00,1.06696,1.06709,1.06453,1.06518,6052.0,False,False,False,108,False,vol_high,True,False,trend_up,2022-12-14 11:00:00+00:00
2022-12-14 12:00:00+00:00,1.0652,1.06522,1.06386,1.06456,6183.0,False,False,False,108,False,vol_high,True,False,trend_up,2022-12-14 12:00:00+00:00
2022-12-14 13:00:00+00:00,1.06456,1.06534,1.06362,1.06466,7975.0,False,False,False,108,False,vol_normal,False,False,trend_up,2022-12-14 13:00:00+00:00
2022-12-14 14:00:00+00:00,1.06466,1.06512,1.06318,1.06428,9197.0,False,False,False,108,False,vol_normal,False,False,trend_up,2022-12-14 14:00:00+00:00
2022-12-14 15:00:00+00:00,1.06427,1.06616,1.06412,1.0647,7452.0,False,False,False,108,False,vol_normal,False,False,trend_up,2022-12-14 15:00:00+00:00
2022-12-14 16:00:00+00:00,1.0647,1.06611,1.06418,1.0654,7335.0,False,False,False,108,False,vol_normal,False,False,trend_down,2022-12-14 16:00:00+00:00
2022-12-14 17:00:00+00:00,1.06541,1.06678,1.06496,1.06514,5927.0,False,False,False,108,False,vol_normal,False,False,trend_up,2022-12-14 17:00:00+00:00
2022-12-14 18:00:00+00:00,1.06516,1.06848,1.06506,1.06776,5792.0,False,False,False,108,False,vol_normal,False,False,trend_down,2022-12-14 18:00:00+00:00
2022-12-14 19:00:00+00:00,1.06791,1.06797,1.06206,1.0664,32171.0,False,False,False,108,False,vol_high,True,False,trend_down,2022-12-14 19:00:00+00:00
2022-12-14 20:00:00+00:00,1.06643,1.06951,1.06618,1.06794,16400.0,False,False,False,108,False,vol_high,True,False,trend_down,2022-12-14 20:00:00+00:00
2022-12-14 21:00:00+00:00,1.06792,1.0688,1.06761,1.06822,2199.0,False,False,False,108,False,vol_high,True,False,trend_up,2022-12-14 21:00:00+00:00
2022-12-14 22:00:00+00:00,1.06812,1.06832,1.06804,1.06812,265.0,False,False,False,108,False,vol_high,True,False,trend_up,2022-12-14 22:00:00+00:00
2022-12-14 23:00:00+00:00,1.06814,1.06817,1.06733,1.06761,1962.0,False,False,False,108,False,vol_high,True,False,trend_up,2022-12-14 23:00:00+00:00
2022-12-15 00:00:00+00:00,1.06761,1.06828,1.06668,1.06791,2926.0,False,False,False,108,False,vol_high,True,False,trend_down,2022-12-15 00:00:00+00:00
2022-12-15 01:00:00+00:00,1.0679,1.06802,1.06598,1.06627,5406.0,False,False,False,108,False,vol_high,True,False,trend_down,2022-12-15 01:00:00+00:00
2022-12-15 02:00:00+00:00,1.0663,1.06652,1.06548,1.06584,3560.0,False,False,False,108,False,vol_high,True,False,trend_down,2022-12-15 02:00:00+00:00
2022-12-15 03:00:00+00:00,1.06584,1.06598,1.06542,1.06548,2642.0,False,False,False,108,False,vol_high,True,False,trend_down,2022-12-15 03:00:00+00:00
2022-12-15 04:00:00+00:00,1.06549,1.06554,1.06467,1.06478,2019.0,False,False,False,108,False,vol_high,True,False,trend_down,2022-12-15 04:00:00+00:00
2022-12-15 05:00:00+00:00,1.06478,1.06592,1.06458,1.06586,2534.0,False,False,False,108,False,vol_high,True,False,trend_down,2022-12-15 05:00:00+00:00
2022-12-15 06:00:00+00:00,1.06586,1.0661,1.06534,1.06548,3181.0,False,False,False,108,False,vol_high,True,False,trend_down,2022-12-15 06:00:00+00:00
2022-12-15 07:00:00+00:00,1.06544,1.06568,1.06402,1.06411,5467.0,False,False,False,108,False,vol_high,True,False,trend_down,2022-12-15 07:00:00+00:00
2022-12-15 08:00:00+00:00,1.06412,1.0647,1.06204,1.0622,8815.0,False,False,False,108,False,vol_high,True,False,trend_down,2022-12-15 08:00:00+00:00
2022-12-15 09:00:00+00:00,1.0622,1.0623,1.06057,1.06218,7643.0,False,False,False,108,False,vol_normal,False,False,trend_up,2022-12-15 09:00:00+00:00
2022-12-15 10:00:00+00:00,1.06218,1.06277,1.06156,1.06158,5683.0,False,False,False,108,False,vol_normal,False,False,trend_up,2022-12-15 10:00:00+00:00
2022-12-15 11:00:00+00:00,1.0616,1.06246,1.06067,1.06244,5401.0,False,False,False,108,False,vol_normal,False,False,trend_up,2022-12-15 11:00:00+00:00
2022-12-15 12:00:00+00:00,1.06244,1.0628,1.0614,1.0623,7642.0,False,False,False,108,False,vol_normal,False,False,trend_up,2022-12-15 12:00:00+00:00
2022-12-15 13:00:00+00:00,1.06231,1.06683,1.0614,1.06528,13543.0,False,False,False,108,False,vol_high,True,False,trend_down,2022-12-15 13:00:00+00:00
2022-12-15 14:00:00+00:00,1.06526,1.07362,1.06484,1.06991,17234.0,False,False,False,108,False,vol_high,True,False,trend_down,2022-12-15 14:00:00+00:00
2022-12-15 15:00:00+00:00,1.06992,1.07048,1.06235,1.06485,15695.0,False,False,False,108,False,vol_high,True,False,trend_down,2022-12-15 15:00:00+00:00
2022-12-15 16:00:00+00:00,1.06482,1.06568,1.06285,1.06372,9774.0,False,False,False,108,False,vol_high,True,False,trend_down,2022-12-15 16:00:00+00:00
2022-12-15 17:00:00+00:00,1.06375,1.06386,1.05929,1.0599,8441.0,False,False,False,108,False,vol_high,True,False,trend_up,2022-12-15 17:00:00+00:00
2022-12-15 18:00:00+00:00,1.05994,1.06239,1.05924,1.06225,5374.0,False,False,False,108,False,vol_high,True,False,trend_up,2022-12-15 18:00:00+00:00
2022-12-15 19:00:00+00:00,1.06225,1.06372,1.06191,1.06308,4490.0,False,False,False,108,False,vol_high,True,False,trend_up,2022-12-15 19:00:00+00:00
2022-12-15 20:00:00+00:00,1.06308,1.06383,1.06214,1.06251,3855.0,False,False,False,108,False,vol_high,True,False,trend_up,2022-12-15 20:00:00+00:00
2022-12-15 21:00:00+00:00,1.0625,1.0628,1.062,1.06267,1529.0,False,False,False,108,False,vol_high,True,False,trend_up,2022-12-15 21:00:00+00:00
2022-12-15 22:00:00+00:00,1.06285,1.06309,1.06229,1.06306,1736.0,False,False,False,108,False,vol_high,True,False,trend_up,2022-12-15 22:00:00+00:00
2022-12-15 23:00:00+00:00,1.06307,1.06392,1.0627,1.06388,1319.0,False,False,False,108,False,vol_high,True,False,trend_down,2022-12-15 23:00:00+00:00
2022-12-16 00:00:00+00:00,1.06388,1.06435,1.06346,1.0641,2610.0,False,False,False,108,False,vol_high,True,False,trend_down,2022-12-16 00:00:00+00:00
2022-12-16 01:00:00+00:00,1.06412,1.06473,1.06388,1.0642,4987.0,False,False,False,108,False,vol_high,True,False,trend_down,2022-12-16 01:00:00+00:00
2022-12-16 02:00:00+00:00,1.06422,1.06626,1.06412,1.0651,4624.0,False,False,False,108,False,vol_high,True,False,trend_down,2022-12-16 02:00:00+00:00
2022-12-16 03:00:00+00:00,1.06508,1.06535,1.06456,1.06479,2922.0,False,False,False,108,False,vol_high,True,False,trend_down,2022-12-16 03:00:00+00:00
2022-12-16 04:00:00+00:00,1.06481,1.06516,1.06438,1.06464,2871.0,False,False,False,108,False,vol_high,True,False,trend_down,2022-12-16 04:00:00+00:00
2022-12-16 05:00:00+00:00,1.06462,1.06481,1.06406,1.06455,3387.0,False,False,False,108,False,vol_high,True,False,trend_down,2022-12-16 05:00:00+00:00
2022-12-16 06:00:00+00:00,1.06453,1.06607,1.06424,1.06562,3796.0,False,False,False,108,False,vol_high,True,False,trend_down,2022-12-16 06:00:00+00:00
2022-12-16 07:00:00+00:00,1.0656,1.06633,1.06308,1.06315,6681.0,False,False,False,108,False,vol_high,True,False,trend_down,2022-12-16 07:00:00+00:00
2022-12-16 08:00:00+00:00,1.06314,1.06606,1.06255,1.06556,8548.0,False,False,False,108,False,vol_high,True,False,trend_down,2022-12-16 08:00:00+00:00
2022-12-16 09:00:00+00:00,1.06556,1.06573,1.06102,1.06121,8518.0,False,False,False,108,False,vol_high,True,False,trend_down,2022-12-16 09:00:00+00:00
2022-12-16 10:00:00+00:00,1.06122,1.06288,1.06093,1.06235,6453.0,False,False,False,108,False,vol_high,True,False,trend_down,2022-12-16 10:00:00+00:00
2022-12-16 11:00:00+00:00,1.06233,1.06396,1.06204,1.06353,5536.0,False,False,False,108,False,vol_high,True,False,trend_down,2022-12-16 11:00:00+00:00
2022-12-16 12:00:00+00:00,1.06352,1.06384,1.06172,1.06218,5946.0,False,False,False,108,False,vol_high,True,False,trend_up,2022-12-16 12:00:00+00:00
2022-12-16 13:00:00+00:00,1.06216,1.0636,1.06135,1.06343,7795.0,False,False,False,108,False,vol_high,True,False,trend_down,2022-12-16 13:00:00+00:00
2022-12-16 14:00:00+00:00,1.06344,1.0649,1.0617,1.06435,13891.0,False,False,False,108,False,vol_high,True,False,trend_up,2022-12-16 14:00:00+00:00
2022-12-16 15:00:00+00:00,1.06437,1.06438,1.0608,1.06168,13176.0,False,False,False,108,False,vol_high,True,False,trend_up,2022-12-16 15:00:00+00:00
2022-12-16 16:00:00+00:00,1.0617,1.06247,1.05976,1.06091,8637.0,False,False,False,108,False,vol_high,True,False,trend_up,2022-12-16 16:00:00+00:00
2022-12-16 17:00:00+00:00,1.06091,1.06193,1.06042,1.06051,6604.0,False,False,False,108,False,vol_high,True,False,trend_up,2022-12-16 17:00:00+00:00
2022-12-16 18:00:00+00:00,1.0605,1.06174,1.0603,1.0615,4170.0,False,False,False,108,False,vol_high,True,False,trend_up,2022-12-16 18:00:00+00:00
2022-12-16 19:00:00+00:00,1.0615,1.06154,1.05953,1.05995,3992.0,False,False,False,108,False,vol_high,True,False,trend_up,2022-12-16 19:00:00+00:00
2022-12-16 20:00:00+00:00,1.05996,1.06064,1.0592,1.05925,5880.0,False,False,False,108,False,vol_high,True,False,trend_up,2022-12-16 20:00:00+00:00
2022-12-16 21:00:00+00:00,1.05924,1.05962,1.05848,1.05848,2783.0,False,False,False,108,False,vol_high,True,False,trend_up,2022-12-16 21:00:00+00:00
2022-12-18 22:00:00+00:00,1.0589,1.05981,1.05888,1.0592,2535.0,False,False,False,109,True,vol_high,True,False,trend_up,2022-12-18 22:00:00+00:00
2022-12-18 23:00:00+00:00,1.05926,1.05952,1.05826,1.05844,3062.0,False,False,False,109,False,vol_high,True,False,trend_up,2022-12-18 23:00:00+00:00
2022-12-19 00:00:00+00:00,1.05846,1.05998,1.05821,1.05994,4542.0,False,False,False,109,False,vol_high,True,False,trend_up,2022-12-19 00:00:00+00:00
2022-12-19 01:00:00+00:00,1.05994,1.06066,1.05964,1.06066,4124.0,False,False,False,109,False,vol_high,True,False,trend_up,2022-12-19 01:00:00+00:00
2022-12-19 02:00:00+00:00,1.06064,1.06132,1.0602,1.06088,3920.0,False,False,False,109,False,vol_high,True,False,trend_up,2022-12-19 02:00:00+00:00
2022-12-19 03:00:00+00:00,1.06088,1.06104,1.06021,1.06087,2264.0,False,False,False,109,False,vol_high,True,False,trend_up,2022-12-19 03:00:00+00:00
2022-12-19 04:00:00+00:00,1.06089,1.06112,1.06054,1.06064,2095.0,False,False,False,109,False,vol_high,True,False,trend_up,2022-12-19 04:00:00+00:00
2022-12-19 05:00:00+00:00,1.06064,1.06082,1.06014,1.06076,2085.0,False,False,False,109,False,vol_high,True,False,trend_up,2022-12-19 05:00:00+00:00
2022-12-19 06:00:00+00:00,1.06075,1.06342,1.06038,1.06291,3820.0,False,False,False,109,False,vol_high,True,False,trend_up,2022-12-19 06:00:00+00:00
2022-12-19 07:00:00+00:00,1.06291,1.0638,1.06215,1.06243,5140.0,False,False,False,109,False,vol_high,True,False,trend_up,2022-12-19 07:00:00+00:00
2022-12-19 08:00:00+00:00,1.06245,1.0648,1.0624,1.0642,7050.0,False,False,False,109,False,vol_high,True,False,trend_down,2022-12-19 08:00:00+00:00
2022-12-19 09:00:00+00:00,1.06424,1.0658,1.06166,1.06182,7741.0,False,False,False,109,False,vol_high,True,False,trend_down,2022-12-19 09:00:00+00:00
2022-12-19 10:00:00+00:00,1.06186,1.06353,1.0613,1.06192,5822.0,False,False,False,109,False,vol_high,True,False,trend_down,2022-12-19 10:00:00+00:00
2022-12-19 11:00:00+00:00,1.06196,1.06196,1.06043,1.06062,5467.0,False,False,False,109,False,vol_high,True,False,trend_down,2022-12-19 11:00:00+00:00
2022-12-19 12:00:00+00:00,1.06062,1.06155,1.06033,1.06064,5786.0,False,False,False,109,False,vol_high,True,False,trend_down,2022-12-19 12:00:00+00:00
2022-12-19 13:00:00+00:00,1.06058,1.06104,1.05974,1.06062,7061.0,False,False,False,109,False,vol_high,True,False,trend_up,2022-12-19 13:00:00+00:00
2022-12-19 14:00:00+00:00,1.06064,1.06134,1.05991,1.06033,7456.0,False,False,False,109,False,vol_normal,False,False,trend_up,2022-12-19 14:00:00+00:00
2022-12-19 15:00:00+00:00,1.06033,1.06157,1.0576,1.05796,8619.0,False,False,False,109,False,vol_high,True,False,trend_up,2022-12-19 15:00:00+00:00
2022-12-19 16:00:00+00:00,1.05799,1.06288,1.05798,1.06234,7184.0,False,False,False,109,False,vol_high,True,False,trend_up,2022-12-19 16:00:00+00:00
2022-12-19 17:00:00+00:00,1.06234,1.06311,1.06184,1.0625,5052.0,False,False,False,109,False,vol_high,True,False,trend_up,2022-12-19 17:00:00+00:00
2022-12-19 18:00:00+00:00,1.0625,1.06264,1.06128,1.0614,3904.0,False,False,False,109,False,vol_high,True,False,trend_up,2022-12-19 18:00:00+00:00
2022-12-19 19:00:00+00:00,1.06138,1.06146,1.06011,1.06044,4886.0,False,False,False,109,False,vol_high,True,False,trend_up,2022-12-19 19:00:00+00:00
2022-12-19 20:00:00+00:00,1.06047,1.06094,1.06008,1.06046,3914.0,False,False,False,109,False,vol_high,True,False,trend_up,2022-12-19 20:00:00+00:00
2022-12-19 21:00:00+00:00,1.06042,1.06087,1.06032,1.06079,861.0,False,False,False,109,False,vol_high,True,False,trend_up,2022-12-19 21:00:00+00:00
2022-12-19 22:00:00+00:00,1.0606,1.06081,1.06052,1.06078,1534.0,False,False,False,109,False,vol_high,True,False,trend_up,2022-12-19 22:00:00+00:00
2022-12-19 23:00:00+00:00,1.06082,1.06129,1.0605,1.06124,3174.0,False,False,False,109,False,vol_high,True,False,trend_up,2022-12-19 23:00:00+00:00
2022-12-20 00:00:00+00:00,1.06123,1.06123,1.05978,1.06003,3136.0,False,False,False,109,False,vol_high,True,False,trend_up,2022-12-20 00:00:00+00:00
2022-12-20 01:00:00+00:00,1.06004,1.06076,1.0598,1.06052,4206.0,False,False,False,109,False,vol_high,True,False,trend_up,2022-12-20 01:00:00+00:00
2022-12-20 02:00:00+00:00,1.06052,1.06156,1.06032,1.06147,3439.0,False,False,False,109,False,vol_normal,False,False,trend_up,2022-12-20 02:00:00+00:00
2022-12-20 03:00:00+00:00,1.06148,1.06524,1.06022,1.06084,18405.0,False,False,False,109,False,vol_high,True,False,trend_down,2022-12-20 03:00:00+00:00
2022-12-20 04:00:00+00:00,1.06082,1.0616,1.06038,1.06076,8431.0,False,False,False,109,False,vol_high,True,False,trend_up,2022-12-20 04:00:00+00:00
2022-12-20 05:00:00+00:00,1.06074,1.06125,1.0579,1.05866,6637.0,False,False,False,109,False,vol_high,True,False,trend_up,2022-12-20 05:00:00+00:00
2022-12-20 06:00:00+00:00,1.05868,1.06019,1.05831,1.05936,8749.0,False,False,False,109,False,vol_high,True,False,trend_up,2022-12-20 06:00:00+00:00
2022-12-20 07:00:00+00:00,1.05936,1.06156,1.05919,1.06113,9354.0,False,False,False,109,False,vol_high,True,False,trend_up,2022-12-20 07:00:00+00:00
2022-12-20 08:00:00+00:00,1.06113,1.06345,1.06041,1.06339,10960.0,False,False,False,109,False,vol_high,True,False,trend_down,2022-12-20 08:00:00+00:00
2022-12-20 09:00:00+00:00,1.06338,1.06384,1.06246,1.06371,8774.0,False,False,False,109,False,vol_high,True,False,trend_down,2022-12-20 09:00:00+00:00
2022-12-20 10:00:00+00:00,1.0637,1.064,1.06248,1.06288,7460.0,False,False,False,109,False,vol_high,True,False,trend_up,2022-12-20 10:00:00+00:00
2022-12-20 11:00:00+00:00,1.06287,1.06461,1.06207,1.0643,6063.0,False,False,False,109,False,vol_high,True,False,trend_down,2022-12-20 11:00:00+00:00
2022-12-20 12:00:00+00:00,1.0643,1.06439,1.06104,1.06136,7257.0,False,False,False,109,False,vol_high,True,False,trend_up,2022-12-20 12:00:00+00:00
2022-12-20 13:00:00+00:00,1.0614,1.06171,1.05941,1.06157,8310.0,False,False,False,109,False,vol_high,True,False,trend_up,2022-12-20 13:00:00+00:00
2022-12-20 14:00:00+00:00,1.06156,1.06362,1.05984,1.06358,11515.0,False,False,False,109,False,vol_high,True,False,trend_up,2022-12-20 14:00:00+00:00
2022-12-20 15:00:00+00:00,1.06359,1.06586,1.06282,1.06402,12837.0,False,False,False,109,False,vol_high,True,False,trend_down,2022-12-20 15:00:00+00:00
2022-12-20 16:00:00+00:00,1.06402,1.0642,1.06138,1.06352,9042.0,False,False,False,109,False,vol_high,True,False,trend_up,2022-12-20 16:00:00+00:00
2022-12-20 17:00:00+00:00,1.06346,1.06379,1.06104,1.06151,6933.0,False,False,False,109,False,vol_high,True,False,trend_up,2022-12-20 17:00:00+00:00
2022-12-20 18:00:00+00:00,1.06149,1.06172,1.06056,1.06064,5166.0,False,False,False,109,False,vol_high,True,False,trend_up,2022-12-20 18:00:00+00:00
2022-12-20 19:00:00+00:00,1.06064,1.0623,1.05993,1.06216,4211.0,False,False,False,109,False,vol_high,True,False,trend_up,2022-12-20 19:00:00+00:00
2022-12-20 20:00:00+00:00,1.06216,1.06254,1.06138,1.06154,3714.0,False,False,False,109,False,vol_high,True,False,trend_up,2022-12-20 20:00:00+00:00
2022-12-20 21:00:00+00:00,1.06154,1.06292,1.06148,1.06213,1733.0,False,False,False,109,False,vol_high,True,False,trend_up,2022-12-20 21:00:00+00:00
2022-12-20 22:00:00+00:00,1.06268,1.0629,1.06222,1.06248,2608.0,False,False,False,109,False,vol_high,True,False,trend_up,2022-12-20 22:00:00+00:00
2022-12-20 23:00:00+00:00,1.0625,1.06284,1.06242,1.06254,2348.0,False,False,False,109,False,vol_high,True,False,trend_up,2022-12-20 23:00:00+00:00
2022-12-21 00:00:00+00:00,1.06256,1.06264,1.06178,1.06206,3853.0,False,False,False,109,False,vol_high,True,False,trend_up,2022-12-21 00:00:00+00:00
2022-12-21 01:00:00+00:00,1.06208,1.06256,1.06138,1.062,6106.0,False,False,False,109,False,vol_high,True,False,trend_up,2022-12-21 01:00:00+00:00
2022-12-21 02:00:00+00:00,1.062,1.06258,1.06136,1.0614,3126.0,False,False,False,109,False,vol_high,True,False,trend_up,2022-12-21 02:00:00+00:00
2022-12-21 03:00:00+00:00,1.0614,1.06172,1.06132,1.06166,2597.0,False,False,False,109,False,vol_high,True,False,trend_up,2022-12-21 03:00:00+00:00
2022-12-21 04:00:00+00:00,1.06166,1.06174,1.0607,1.06082,2352.0,False,False,False,109,False,vol_high,True,False,trend_up,2022-12-21 04:00:00+00:00
2022-12-21 05:00:00+00:00,1.06081,1.06178,1.06076,1.06176,2280.0,False,False,False,109,False,vol_high,True,False,trend_up,2022-12-21 05:00:00+00:00
2022-12-21 06:00:00+00:00,1.06176,1.06178,1.06099,1.0614,3082.0,False,False,False,109,False,vol_normal,False,False,trend_up,2022-12-21 06:00:00+00:00
2022-12-21 07:00:00+00:00,1.06142,1.06348,1.06111,1.06318,4970.0,False,False,False,109,False,vol_normal,False,False,trend_up,2022-12-21 07:00:00+00:00
2022-12-21 08:00:00+00:00,1.06323,1.06374,1.06168,1.06342,6577.0,False,False,False,109,False,vol_normal,False,False,trend_up,2022-12-21 08:00:00+00:00
2022-12-21 09:00:00+00:00,1.06343,1.06366,1.06126,1.06146,5621.0,False,False,False,109,False,vol_normal,False,False,trend_up,2022-12-21 09:00:00+00:00
2022-12-21 10:00:00+00:00,1.06145,1.06288,1.06132,1.06192,4873.0,False,False,False,109,False,vol_normal,False,False,trend_up,2022-12-21 10:00:00+00:00
2022-12-21 11:00:00+00:00,1.0619,1.0621,1.06047,1.06058,5215.0,False,False,False,109,False,vol_normal,False,False,trend_up,2022-12-21 11:00:00+00:00
2022-12-21 12:00:00+00:00,1.0606,1.06317,1.06048,1.06304,5651.0,False,False,False,109,False,vol_high,True,False,trend_up,2022-12-21 12:00:00+00:00
2022-12-21 13:00:00+00:00,1.06306,1.06454,1.06244,1.06286,7335.0,False,False,False,109,False,vol_normal,False,False,trend_up,2022-12-21 13:00:00+00:00
2022-12-21 14:00:00+00:00,1.06288,1.06288,1.06024,1.06042,9706.0,False,False,False,109,False,vol_high,True,False,trend_up,2022-12-21 14:00:00+00:00
2022-12-21 15:00:00+00:00,1.06044,1.06334,1.05964,1.06154,10083.0,False,False,False,109,False,vol_high,True,False,trend_up,2022-12-21 15:00:00+00:00
2022-12-21 16:00:00+00:00,1.06155,1.0616,1.05953,1.05978,6744.0,False,False,False,109,False,vol_high,True,False,trend_up,2022-12-21 16:00:00+00:00
2022-12-21 17:00:00+00:00,1.05979,1.06058,1.05904,1.06006,5604.0,False,False,False,109,False,vol_high,True,False,trend_up,2022-12-21 17:00:00+00:00
2022-12-21 18:00:00+00:00,1.06008,1.0612,1.05932,1.06095,4562.0,False,False,False,109,False,vol_high,True,False,trend_up,2022-12-21 18:00:00+00:00
2022-12-21 19:00:00+00:00,1.06096,1.062,1.06091,1.06143,4875.0,False,False,False,109,False,vol_high,True,False,trend_up,2022-12-21 19:00:00+00:00
2022-12-21 20:00:00+00:00,1.06145,1.06166,1.0608,1.0611,3570.0,False,False,False,109,False,vol_high,True,False,trend_up,2022-12-21 20:00:00+00:00
2022-12-21 21:00:00+00:00,1.06106,1.06128,1.06048,1.06052,1598.0,False,False,False,109,False,vol_normal,False,False,trend_up,2022-12-21 21:00:00+00:00
2022-12-21 22:00:00+00:00,1.0606,1.06099,1.06051,1.06062,2215.0,False,False,False,109,False,vol_normal,False,False,trend_up,2022-12-21 22:00:00+00:00
2022-12-21 23:00:00+00:00,1.06062,1.06118,1.06054,1.0608,1291.0,False,False,False,109,False,vol_normal,False,False,trend_up,2022-12-21 23:00:00+00:00
2022-12-22 00:00:00+00:00,1.0608,1.06184,1.06059,1.06181,2922.0,False,False,False,109,False,vol_normal,False,False,trend_up,2022-12-22 00:00:00+00:00
2022-12-22 01:00:00+00:00,1.0618,1.063,1.06136,1.06296,4638.0,False,False,False,109,False,vol_high,True,False,trend_up,2022-12-22 01:00:00+00:00
2022-12-22 02:00:00+00:00,1.06294,1.06334,1.06258,1.06288,3698.0,False,False,False,109,False,vol_normal,False,False,trend_down,2022-12-22 02:00:00+00:00
2022-12-22 03:00:00+00:00,1.06288,1.06446,1.06288,1.06434,2953.0,False,False,False,109,False,vol_high,True,False,trend_down,2022-12-22 03:00:00+00:00
2022-12-22 04:00:00+00:00,1.06436,1.0646,1.06354,1.06446,2482.0,False,False,False,109,False,vol_high,True,False,trend_down,2022-12-22 04:00:00+00:00
2022-12-22 05:00:00+00:00,1.06445,1.06486,1.06384,1.06402,2750.0,False,False,False,109,False,vol_high,True,False,trend_down,2022-12-22 05:00:00+00:00
2022-12-22 06:00:00+00:00,1.064,1.06498,1.064,1.06446,3282.0,False,False,False,109,False,vol_normal,False,False,trend_down,2022-12-22 06:00:00+00:00
2022-12-22 07:00:00+00:00,1.06446,1.0647,1.0635,1.0639,4112.0,False,False,False,109,False,vol_normal,False,False,trend_down,2022-12-22 07:00:00+00:00
2022-12-22 08:00:00+00:00,1.06386,1.06595,1.06262,1.06362,6520.0,False,False,False,109,False,vol_normal,False,False,trend_down,2022-12-22 08:00:00+00:00
2022-12-22 09:00:00+00:00,1.0636,1.06522,1.0629,1.06464,5531.0,False,False,False,109,False,vol_normal,False,False,trend_down,2022-12-22 09:00:00+00:00
2022-12-22 10:00:00+00:00,1.06464,1.06564,1.06278,1.06282,4914.0,False,False,False,109,False,vol_normal,False,False,trend_down,2022-12-22 10:00:00+00:00
2022-12-22 11:00:00+00:00,1.06284,1.06298,1.0614,1.06156,4293.0,False,False,False,109,False,vol_normal,False,False,trend_down,2022-12-22 11:00:00+00:00
2022-12-22 12:00:00+00:00,1.06157,1.0639,1.06142,1.06368,5090.0,False,False,False,109,False,vol_high,True,False,trend_down,2022-12-22 12:00:00+00:00
2022-12-22 13:00:00+00:00,1.0637,1.06376,1.06036,1.06113,8887.0,False,False,False,109,False,vol_high,True,False,trend_down,2022-12-22 13:00:00+00:00
2022-12-22 14:00:00+00:00,1.06111,1.06186,1.0586,1.06083,10196.0,False,False,False,109,False,vol_high,True,False,trend_down,2022-12-22 14:00:00+00:00
2022-12-22 15:00:00+00:00,1.06085,1.06112,1.05904,1.06018,10091.0,False,False,False,109,False,vol_normal,False,False,trend_up,2022-12-22 15:00:00+00:00
2022-12-22 16:00:00+00:00,1.06016,1.0606,1.05834,1.05873,6847.0,False,False,False,109,False,vol_normal,False,False,trend_up,2022-12-22 16:00:00+00:00
2022-12-22 17:00:00+00:00,1.05872,1.0589,1.05821,1.05844,4569.0,False,False,False,109,False,vol_normal,False,False,trend_up,2022-12-22 17:00:00+00:00
2022-12-22 18:00:00+00:00,1.05843,1.05884,1.0577,1.05794,4559.0,False,False,False,109,False,vol_normal,False,False,trend_up,2022-12-22 18:00:00+00:00
2022-12-22 19:00:00+00:00,1.05796,1.05968,1.05734,1.05928,5771.0,False,False,False,109,False,vol_high,True,False,trend_down,2022-12-22 19:00:00+00:00
2022-12-22 20:00:00+00:00,1.05926,1.06034,1.05884,1.05979,6115.0,False,False,False,109,False,vol_high,True,False,trend_down,2022-12-22 20:00:00+00:00
2022-12-22 21:00:00+00:00,1.05976,1.06001,1.05916,1.05972,1840.0,False,False,False,109,False,vol_high,True,False,trend_down,2022-12-22 21:00:00+00:00
2022-12-22 22:00:00+00:00,1.05964,1.06002,1.05964,1.05984,418.0,False,False,False,109,False,vol_normal,False,False,trend_down,2022-12-22 22:00:00+00:00
2022-12-22 23:00:00+00:00,1.05989,1.06029,1.05988,1.06016,2606.0,False,False,False,109,False,vol_normal,False,False,trend_down,2022-12-22 23:00:00+00:00
2022-12-23 00:00:00+00:00,1.06014,1.06042,1.05889,1.05894,2868.0,False,False,False,109,False,vol_normal,False,False,trend_down,2022-12-23 00:00:00+00:00
2022-12-23 01:00:00+00:00,1.05892,1.06035,1.05868,1.0602,5110.0,False,False,False,109,False,vol_high,True,False,trend_down,2022-12-23 01:00:00+00:00
2022-12-23 02:00:00+00:00,1.06022,1.06124,1.0602,1.06082,3689.0,False,False,False,109,False,vol_high,True,False,trend_down,2022-12-23 02:00:00+00:00
2022-12-23 03:00:00+00:00,1.06086,1.06118,1.06062,1.06076,2454.0,False,False,False,109,False,vol_normal,False,False,trend_down,2022-12-23 03:00:00+00:00
2022-12-23 04:00:00+00:00,1.06077,1.06104,1.06043,1.06058,1964.0,False,False,False,109,False,vol_normal,False,False,trend_down,2022-12-23 04:00:00+00:00
2022-12-23 05:00:00+00:00,1.0606,1.06096,1.0603,1.06036,1994.0,False,False,False,109,False,vol_normal,False,False,trend_down,2022-12-23 05:00:00+00:00
2022-12-23 06:00:00+00:00,1.06036,1.06114,1.0602,1.06068,2515.0,False,False,False,109,False,vol_normal,False,False,trend_down,2022-12-23 06:00:00+00:00
2022-12-23 07:00:00+00:00,1.06068,1.06308,1.06058,1.06286,4162.0,False,False,False,109,False,vol_high,True,False,trend_down,2022-12-23 07:00:00+00:00
2022-12-23 08:00:00+00:00,1.06286,1.06286,1.05991,1.06047,5274.0,False,False,False,109,False,vol_high,True,False,trend_down,2022-12-23 08:00:00+00:00
2022-12-23 09:00:00+00:00,1.06044,1.06114,1.05962,1.06098,3981.0,False,False,False,109,False,vol_high,True,False,trend_down,2022-12-23 09:00:00+00:00
2022-12-23 10:00:00+00:00,1.06094,1.06228,1.06074,1.06196,3913.0,False,False,False,109,False,vol_high,True,False,trend_down,2022-12-23 10:00:00+00:00
2022-12-23 11:00:00+00:00,1.06197,1.0627,1.06099,1.06138,3542.0,False,False,False,109,False,vol_normal,False,False,trend_down,2022-12-23 11:00:00+00:00
2022-12-23 12:00:00+00:00,1.06138,1.06242,1.06052,1.06212,3629.0,False,False,False,109,False,vol_normal,False,False,trend_down,2022-12-23 12:00:00+00:00
2022-12-23 13:00:00+00:00,1.06213,1.06332,1.0595,1.06082,11918.0,False,False,False,109,False,vol_normal,False,False,trend_down,2022-12-23 13:00:00+00:00
2022-12-23 14:00:00+00:00,1.0608,1.06196,1.05924,1.06102,12063.0,False,False,False,109,False,vol_normal,False,False,trend_down,2022-12-23 14:00:00+00:00
2022-12-23 15:00:00+00:00,1.06133,1.06322,1.0607,1.06138,12628.0,False,False,False,109,False,vol_normal,False,False,trend_up,2022-12-23 15:00:00+00:00
2022-12-23 16:00:00+00:00,1.06137,1.06256,1.06097,1.06208,7172.0,False,False,False,109,False,vol_normal,False,False,trend_down,2022-12-23 16:00:00+00:00
2022-12-23 17:00:00+00:00,1.06206,1.06302,1.0619,1.06204,4508.0,False,False,False,109,False,vol_normal,False,False,trend_down,2022-12-23 17:00:00+00:00
2022-12-23 18:00:00+00:00,1.06202,1.06218,1.06062,1.06096,3409.0,False,False,False,109,False,vol_normal,False,False,trend_down,2022-12-23 18:00:00+00:00
2022-12-23 19:00:00+00:00,1.06094,1.06232,1.0606,1.06206,2979.0,False,False,False,109,False,vol_normal,False,False,trend_down,2022-12-23 19:00:00+00:00
2022-12-23 20:00:00+00:00,1.06205,1.06214,1.06134,1.06164,2557.0,False,False,False,109,False,vol_normal,False,False,trend_down,2022-12-23 20:00:00+00:00
2022-12-23 21:00:00+00:00,1.06166,1.06201,1.06126,1.06162,2083.0,False,False,False,109,False,vol_normal,False,False,trend_down,2022-12-23 21:00:00+00:00
2022-12-26 22:00:00+00:00,1.06357,1.06374,1.06347,1.0637,251.0,False,False,False,110,True,vol_normal,False,False,trend_up,2022-12-26 22:00:00+00:00
2022-12-26 23:00:00+00:00,1.06378,1.06458,1.06312,1.064,2336.0,False,False,False,110,False,vol_high,True,False,trend_down,2022-12-26 23:00:00+00:00
2022-12-27 00:00:00+00:00,1.064,1.06462,1.06348,1.06427,3552.0,False,False,False,110,False,vol_normal,False,False,trend_up,2022-12-27 00:00:00+00:00
2022-12-27 01:00:00+00:00,1.0643,1.06536,1.06415,1.0652,2878.0,False,False,False,110,False,vol_normal,False,False,trend_down,2022-12-27 01:00:00+00:00
2022-12-27 02:00:00+00:00,1.0652,1.06606,1.06434,1.06475,2452.0,False,False,False,110,False,vol_normal,False,False,trend_down,2022-12-27 02:00:00+00:00
2022-12-27 03:00:00+00:00,1.06476,1.06478,1.06356,1.06402,2392.0,False,False,False,110,False,vol_high,True,False,trend_down,2022-12-27 03:00:00+00:00
2022-12-27 04:00:00+00:00,1.064,1.0646,1.06392,1.06457,1474.0,False,False,False,110,False,vol_normal,False,False,trend_down,2022-12-27 04:00:00+00:00
2022-12-27 05:00:00+00:00,1.06458,1.06573,1.06428,1.06556,1860.0,False,False,False,110,False,vol_normal,False,False,trend_down,2022-12-27 05:00:00+00:00
2022-12-27 06:00:00+00:00,1.0656,1.0665,1.06532,1.0664,2486.0,False,False,False,110,False,vol_normal,False,False,trend_down,2022-12-27 06:00:00+00:00
2022-12-27 07:00:00+00:00,1.0664,1.0668,1.06436,1.06456,3312.0,False,False,False,110,False,vol_high,True,False,trend_down,2022-12-27 07:00:00+00:00
2022-12-27 08:00:00+00:00,1.06455,1.0658,1.06384,1.06518,4912.0,False,False,False,110,False,vol_normal,False,False,trend_down,2022-12-27 08:00:00+00:00
2022-12-27 09:00:00+00:00,1.0652,1.0664,1.06481,1.06606,3799.0,False,False,False,110,False,vol_normal,False,False,trend_down,2022-12-27 09:00:00+00:00
2022-12-27 10:00:00+00:00,1.06606,1.06696,1.06518,1.06658,3722.0,False,False,False,110,False,vol_normal,False,False,trend_down,2022-12-27 10:00:00+00:00
2022-12-27 11:00:00+00:00,1.06656,1.06692,1.06526,1.06546,3179.0,False,False,False,110,False,vol_high,True,False,trend_up,2022-12-27 11:00:00+00:00
